timepoint(minutes) well1 well2 well3 well4 well5 well6
0 20.5009 20.7186 20.6593 20.5766 20.6442 20.5182
5 20.4009 20.699 20.6137 20.5699 20.5783 20.4147
10 20.4113 20.7223 20.6203 20.6137 20.6023 20.4508
15 20.5061 20.7737 20.7032 20.6831 20.6815 20.5544
20 20.6676 20.8189 20.7647 20.7485 20.7472 20.6536
25 20.8366 20.8954 20.874 20.8666 20.8628 20.8294
30 20.9328 20.9508 20.9397 20.9407 20.9408 20.9279
35 21.0066 21.009 21.0017 20.9933 21.0015 21.0023
40 21.0924 21.0522 21.0696 21.0676 21.0762 21.0838
45 21.1335 21.0933 21.1162 21.1332 21.12 21.1587
50 10.1828 6.63849 6.66078 6.17786 4.90442 5.5444
55 6.98598 3.77227 3.84889 3.34545 2.60266 3.91091
60 6.52425 2.71938 2.58634 2.09962 1.72849 3.77943
65 6.5039 2.17324 1.93291 1.4703 1.3765 3.66937
70 6.49543 1.79974 1.6148 1.14585 1.32869 3.62255
75 6.47399 1.41817 1.43198 0.957263 1.42239 3.66237
80 6.42462 1.13534 1.30924 0.833494 1.47779 3.66152
85 6.38545 0.933816 1.22854 0.747038 1.47695 3.63506
90 6.31733 0.788472 1.16436 0.680191 1.48239 3.63535
95 6.26805 0.724231 1.05045 0.624005 1.42059 3.62307
100 6.28822 0.68089 0.817643 0.529166 1.36163 3.60674
105 6.35336 0.534124 0.611755 0.423772 1.44726 3.59333
110 6.40466 0.27246 0.485993 0.345582 1.483 3.58059
115 6.36733 0.0920791 0.401085 0.28231 1.48397 3.59221
120 6.33214 0.00442175 0.343658 0.228418 1.99239 3.44795
125 6.34561 0.0360852 0.288534 0.168438 3.13877 2.83184
130 6.34164 0.267032 0.2584 0.143299 3.65159 2.73453
135 6.40547 0.52256 0.230844 0.129087 3.87751 2.73271
140 6.51602 0.742513 0.206948 0.144341 3.97474 2.72026
145 6.57586 0.967865 0.196273 0.127962 4.09032 2.62516
150 6.73147 1.25372 0.652642 0.114827 3.61836 2.62722
155 6.83103 1.62862 2.72985 0.151984 3.19775 2.6178
160 6.85233 1.99394 3.60086 0.190982 2.96949 2.57185
165 6.84494 2.61433 3.54415 0.218462 2.78518 2.49032
170 6.80396 3.8668 3.06416 0.241044 2.64706 2.4117
175 6.76774 4.37716 2.80084 0.248209 2.54278 2.36058
180 6.76314 4.59095 2.70079 0.239718 2.47051 2.32387
185 6.71989 4.6269 2.66818 0.216526 2.38061 2.26336
190 6.67216 4.61883 2.67071 0.189056 2.32384 2.27004
195 6.67703 4.54343 2.68065 0.169222 2.29615 2.27959
200 6.60584 4.46181 2.66633 0.157028 2.25877 2.26512
205 6.2926 4.39396 2.63952 0.141217 2.23311 2.25322
210 6.17223 4.3385 2.60778 0.126318 2.20403 2.22969
215 6.15692 4.29499 2.56406 0.117762 2.21241 2.2471
220 6.18193 4.31368 2.53531 0.120094 2.2403 2.28308
225 6.19532 4.29775 2.50342 0.114654 2.2323 2.28628
230 6.15861 4.29469 2.48177 0.113101 2.25143 2.3168
235 6.11475 4.31526 2.48267 0.112497 2.28877 2.32768
240 6.09594 4.3254 2.48245 0.109134 2.27007 2.29086
245 6.11869 4.27473 2.48099 0.104136 2.27103 2.29341
250 6.09835 4.06935 2.47629 0.102069 2.28044 2.3048
255 5.95845 3.77531 2.44549 0.102586 2.28235 2.31366
260 5.45183 3.33603 2.36079 0.09811 2.28713 2.31079
265 5.07604 3.10323 2.29624 0.0972498 2.3215 2.34202
270 4.93167 3.04758 2.25347 0.100606 2.36109 2.37503
275 4.83376 2.98177 2.19997 0.10095 2.39868 2.37734
280 4.74339 2.93793 2.1584 0.101294 2.41541 2.37096
285 4.65225 2.89672 2.11479 0.0976799 2.41334 2.36039
290 4.5805 2.85984 2.07034 0.098024 2.39574 2.33121
295 4.52218 2.82075 2.04027 0.0977659 2.39135 2.32745
300 4.49964 2.80744 2.02788 0.0988844 2.40403 2.34046
305 4.50014 2.83381 2.03121 0.0971638 2.41725 2.35313
310 4.47181 2.81357 2.00289 0.0881399 2.38887 2.33134
315 4.43709 2.78122 1.98377 0.0919194 2.40164 2.35847
320 4.42177 2.75944 1.96903 0.09424 2.42227 2.36136
325 4.43483 2.76981 1.96924 0.0928647 2.41068 2.34082
330 4.43809 2.78211 1.96101 0.0911461 2.39576 2.31501
335 4.42705 2.79108 1.95238 0.0886551 2.38255 2.30771
340 4.43057 2.79036 1.94345 0.0832477 2.3874 2.31469
345 4.42962 2.75273 1.91646 0.0772461 2.35867 2.29106
350 4.45079 2.7138 1.88989 0.0717649 2.34958 2.29069
355 4.44264 2.65121 1.85475 0.0684276 2.34185 2.29594
360 4.43003 2.63053 1.83138 0.066888 2.35743 2.30264
365 4.46495 2.68117 1.85495 0.0775888 2.39307 2.30738
370 4.47048 2.70022 1.86627 0.0837625 2.39542 2.31881
375 4.47918 2.71128 1.8683 0.0832477 2.38532 2.32034
380 4.47237 2.72702 1.87417 0.0853928 2.4028 2.33423
385 4.48854 2.77445 1.90698 0.0923491 2.45721 2.36801
390 4.50798 2.81659 1.92984 0.0955297 2.50777 2.3864
395 4.54332 2.86338 1.94909 0.0986262 2.52426 2.38067
400 4.52632 2.86447 1.94684 0.0969917 2.54245 2.39263
405 4.54508 2.88636 1.95166 0.0972498 2.56212 2.42371
410 4.56333 2.90997 1.95505 0.0992285 2.56949 2.42762
415 4.56979 2.9432 1.96265 0.0953577 2.56471 2.42203
420 4.54197 2.92865 1.95566 0.0902011 2.55083 2.40407
425 4.48796 2.88494 1.93332 0.0837625 2.52436 2.37346
430 4.46309 2.86331 1.91942 0.0815322 2.51286 2.36548
435 4.47964 2.85533 1.90769 0.0817038 2.49816 2.38274
440 4.47241 2.84343 1.91187 0.0890845 2.54388 2.41283
445 4.44805 2.83993 1.91136 0.0886551 2.55339 2.4111
450 4.421 2.81534 1.89996 0.088054 2.54587 2.4177
455 4.39745 2.78957 1.88745 0.0865945 2.54336 2.4176
460 4.40781 2.79601 1.89924 0.0847063 2.53394 2.40912
465 4.39679 2.77844 1.88837 0.0775031 2.48621 2.36924
470 4.37102 2.74849 1.86415 0.0671446 2.4462 2.36891
475 4.37051 2.72646 1.85122 0.0685131 2.46091 2.40921
480 4.38413 2.7169 1.8494 0.0674012 2.4647 2.41123
485 4.38526 2.70043 1.83208 0.0653489 2.47796 2.42
490 4.3874 2.69179 1.82253 0.0602219 2.49876 2.44407
495 4.34518 2.65838 1.81481 0.0582578 2.49649 2.44028
500 4.3269 2.6541 1.812 0.061674 2.50006 2.4384
505 4.33717 2.66927 1.81471 0.0599657 2.49672 2.44581
510 4.35345 2.67266 1.81611 0.0605635 2.47371 2.4371
515 4.35721 2.68329 1.82002 0.0623575 2.49412 2.46898
520 4.32687 2.67124 1.8138 0.0626139 2.49323 2.48094
525 4.28717 2.63195 1.80048 0.054332 2.46463 2.45837
530 4.26187 2.59288 1.7823 0.0499829 2.45432 2.46401
535 4.25229 2.58409 1.77911 0.0503238 2.4529 2.48023
540 4.26848 2.58735 1.7824 0.0519438 2.4582 2.49776
545 4.25472 2.55151 1.75455 0.0441045 2.4116 2.46105
550 4.24533 2.5453 1.73908 0.0444451 2.41676 2.47059
555 4.22906 2.52174 1.71409 0.034832 2.37148 2.42688
560 4.20173 2.4696 1.67568 0.0281219 2.32988 2.41208
565 4.17723 2.44816 1.66433 0.0278672 2.34782 2.43779
570 4.16247 2.42864 1.64969 0.0226074 2.32274 2.41613
575 4.16386 2.40657 1.6381 0.0234554 2.32068 2.43705
580 4.15526 2.36598 1.61625 0.0187931 2.28768 2.40108
585 4.13232 2.35748 1.61635 0.0177764 2.29178 2.42967
590 4.1247 2.3734 1.61906 0.0161671 2.28904 2.42438
595 4.09315 2.36454 1.60899 0.0154897 2.2915 2.44694
600 4.05716 2.33191 1.58387 0.0112575 2.28986 2.45196
605 4.02798 2.28943 1.56175 0.00736703 2.30436 2.45695
610 4.02752 2.2519 1.53751 0.000354594 2.2566 2.38405
615 4.03494 2.24086 1.52356 -0.0083344 2.21376 2.38631
620 4.02852 2.25203 1.53588 -0.00276837 2.26912 2.47354
625 4.0314 2.2653 1.55695 0.00263471 2.30546 2.47621
630 4.01501 2.27194 1.56098 0.00381738 2.29902 2.4649
635 3.97991 2.22765 1.53196 0.00331049 2.26354 2.44659
640 3.93398 2.15529 1.49038 -0.00268399 2.21524 2.40744
645 3.90309 2.10504 1.47447 -0.00706992 2.21957 2.43161
650 3.90209 2.13126 1.49038 -0.00158693 2.29273 2.50161
655 3.91452 2.15785 1.505 0.000523457 2.31039 2.5091
660 3.91651 2.15926 1.49645 -0.00293713 2.27253 2.45804
665 3.90153 2.12999 1.47352 -0.00867154 2.23406 2.44095
670 3.89161 2.10161 1.45219 -0.0097671 2.24125 2.45439
675 3.87301 2.09044 1.43949 -0.0088401 2.21214 2.43748
680 3.81446 2.05706 1.4197 -0.019869 2.16568 2.4128
685 3.79925 2.05454 1.41389 -0.0202895 2.17844 2.44025
690 3.79703 2.07196 1.41623 -0.0194485 2.19823 2.43448
695 3.77366 2.05353 1.39988 -0.0255847 2.15884 2.39997
700 3.75011 2.0231 1.38347 -0.0295316 2.15589 2.43022
705 3.7243 2.01445 1.37724 -0.0274325 2.18059 2.45847
710 3.69335 1.99019 1.3623 -0.0276005 2.18772 2.47795
715 3.66204 1.95621 1.34018 -0.0307066 2.18328 2.47596
720 3.63235 1.93279 1.32847 -0.0332237 2.18355 2.47069
