 2.07354917e+01 2.14896016e+01 2.08299917e+01 2.07549600e+01 2.08211376e+01 2.08746482e+01
 2.07157700e+01 2.12852326e+01 2.08415568e+01 2.07800133e+01 2.07727729e+01 2.08259467e+01
 2.06927200e+01 2.11049074e+01 2.08468229e+01 2.07982732e+01 2.07732242e+01 2.07881680e+01
 2.07508239e+01 2.08581021e+01 2.08578457e+01 2.08416306e+01 2.08025128e+01 2.07654907e+01
 2.08216319e+01 2.06187925e+01 2.08903361e+01 2.08756168e+01 2.08589813e+01 2.07740018e+01
 2.09075926e+01 2.08083447e+01 2.09183687e+01 2.09279354e+01 2.09172418e+01 2.08422516e+01
 2.09820382e+01 2.09386409e+01 2.09588724e+01 2.09731309e+01 2.09662704e+01 2.09383185e+01
 2.10341121e+01 2.10369248e+01 2.10053622e+01 2.10111404e+01 2.10107143e+01 2.10225996e+01
 2.10462429e+01 2.11023321e+01 2.10474276e+01 2.10407414e+01 2.10506881e+01 2.10848120e+01
 2.10304519e+01 2.11159157e+01 2.10704715e+01 2.10473703e+01 2.10555100e+01 2.11135231e+01
 1.42901010e+01 1.02061449e+01 8.67411102e+00 7.52145965e+00 6.09818685e+00 5.93078529e+00
 9.59861752e+00 6.72147477e+00 5.36178086e+00 4.50156128e+00 3.40454496e+00 3.65978488e+00
 7.79273369e+00 4.91278293e+00 3.88814307e+00 2.98483122e+00 2.28250670e+00 3.38030329e+00
 7.30254883e+00 3.96778453e+00 3.32424724e+00 2.21541701e+00 1.77226292e+00 3.29092872e+00
 7.11835263e+00 3.33247622e+00 3.16389644e+00 1.78600065e+00 1.49382973e+00 3.19930510e+00
 7.02355298e+00 2.92812265e+00 3.09695456e+00 1.53995366e+00 1.27735000e+00 3.11513786e+00
 7.12620283e+00 2.65515402e+00 2.98716580e+00 1.41556373e+00 1.14758942e+00 3.07945575e+00
 7.32077606e+00 2.37886343e+00 2.68736594e+00 1.21938975e+00 8.99170703e-01 2.88253925e+00
 7.45680537e+00 2.09719040e+00 2.25562884e+00 1.03944297e+00 7.22204076e-01 2.82571626e+00
 7.60121673e+00 1.93096322e+00 1.79934060e+00 8.55019767e-01 5.24221616e-01 2.60224868e+00
 7.71243465e+00 1.83152980e+00 1.48839964e+00 7.34194734e-01 4.12380682e-01 2.54179691e+00
 7.75799512e+00 1.72314403e+00 1.26291146e+00 6.29912412e-01 3.11294027e-01 2.47309460e+00
 7.77063438e+00 1.64242103e+00 1.10312779e+00 5.41957413e-01 2.29907944e-01 2.43957045e+00
 7.81575034e+00 1.59583885e+00 9.89562215e-01 4.73709805e-01 1.56735797e-01 2.44878384e+00
 7.84637014e+00 1.57156385e+00 9.09822569e-01 4.13926587e-01 8.85109182e-02 2.46704660e+00
 7.84763940e+00 1.55598505e+00 8.54011033e-01 3.63057670e-01 1.35902935e-02 2.52361087e+00
 7.84914841e+00 1.55046098e+00 8.11364749e-01 3.17919984e-01 -4.20801729e-02 2.51031156e+00
 7.84445462e+00 1.52943810e+00 7.60966881e-01 2.84560952e-01 -7.79293746e-02 2.54449008e+00
 7.81167136e+00 1.50768302e+00 6.88336371e-01 2.40963769e-01 -1.11513043e-01 2.52304015e+00
 7.79958918e+00 1.47601720e+00 6.40648926e-01 1.99204788e-01 -9.84195857e-02 2.51285882e+00
 7.81119441e+00 1.43260922e+00 6.17915460e-01 1.68146197e-01 -5.31492405e-02 2.53905428e+00
 7.83624680e+00 1.36437737e+00 5.98247066e-01 1.48375696e-01 -3.28708096e-02 2.58602535e+00
 7.83529014e+00 1.30548892e+00 5.74296906e-01 1.40454063e-01 -2.73192001e-02 2.61318657e+00
 7.83120165e+00 1.27176206e+00 5.51516932e-01 1.35724062e-01 -2.81664059e-02 2.66773242e+00
 7.86048657e+00 1.26506125e+00 5.31033020e-01 1.37959526e-01 -3.59735870e-02 2.65166880e+00
 7.89069224e+00 1.27895768e+00 5.09086579e-01 1.33833267e-01 -9.78201058e-03 2.68685336e+00
 7.88951274e+00 1.29493890e+00 4.86100044e-01 1.29710283e-01 1.83139547e-01 2.61405348e+00
 7.87159984e+00 1.30509781e+00 4.61524815e-01 1.08631245e-01 6.85845932e-01 2.27626334e+00
 7.87116751e+00 1.32086221e+00 4.46594056e-01 1.02734190e-01 1.25878215e+00 2.04517101e+00
 7.91265143e+00 1.35272613e+00 4.47155200e-01 1.02221719e-01 1.66544479e+00 2.08292906e+00
 7.99779586e+00 1.38964122e+00 4.49320171e-01 1.00343095e-01 1.94195141e+00 2.21573217e+00
 8.08703074e+00 1.43000761e+00 4.54776644e-01 1.07348706e-01 2.13589801e+00 2.30587894e+00
 8.15483011e+00 1.45165849e+00 4.55579544e-01 1.14963090e-01 2.24948780e+00 2.34149104e+00
 8.17128578e+00 1.45748671e+00 4.44510334e-01 1.06921263e-01 2.34050371e+00 2.34591019e+00
 8.15530196e+00 1.45125677e+00 4.28828814e-01 1.15990605e-01 2.53662913e+00 2.32093748e+00
 8.17656226e+00 1.44262691e+00 4.19888934e-01 1.19931298e-01 2.60518884e+00 2.26434186e+00
 8.19857431e+00 1.44222585e+00 4.13353315e-01 1.09486448e-01 2.69161082e+00 2.17926312e+00
 8.20216941e+00 1.44503388e+00 3.98876494e-01 8.87448925e-02 2.85252745e+00 2.13792731e+00
 8.25469422e+00 1.45125677e+00 3.80322101e-01 7.50482031e-02 2.86652134e+00 1.99242644e+00
 8.29892573e+00 1.47117714e+00 3.75496077e-01 7.47933295e-02 3.05296292e+00 1.91276684e+00
 8.35372247e+00 1.53606293e+00 3.65620600e-01 7.83627048e-02 3.16865903e+00 1.87205774e+00
 8.43366134e+00 1.63722600e+00 3.41995488e-01 7.04624015e-02 3.11124693e+00 1.76237543e+00
 8.40367780e+00 1.79392427e+00 3.44117366e-01 1.10170712e-01 3.12388082e+00 1.66070750e+00
 8.10483744e+00 2.25140667e+00 3.39717398e-01 1.12395194e-01 3.25246982e+00 1.63645517e+00
 7.84040953e+00 3.09044164e+00 4.61042515e-01 3.68356336e-01 3.00058897e+00 1.60333330e+00
 7.61532019e+00 3.93629666e+00 5.64287916e-01 8.11264708e-01 2.43487061e+00 1.56918988e+00
 7.35182471e+00 4.87382286e+00 1.10620505e+00 1.02443170e+00 2.07683442e+00 1.60872949e+00
 6.84654035e+00 5.90641169e+00 2.29750498e+00 1.10019768e+00 1.83021232e+00 1.70944608e+00
 6.38547846e+00 6.28798236e+00 3.50587751e+00 1.11541142e+00 1.68049173e+00 1.83653247e+00
 6.03713346e+00 6.40437926e+00 4.11780873e+00 1.16295869e+00 1.68024274e+00 2.14657909e+00
 5.74865145e+00 6.53284348e+00 4.54555260e+00 1.12076647e+00 1.60523204e+00 2.48034896e+00
 5.58335596e+00 6.57346399e+00 4.86157620e+00 1.12107557e+00 1.58213575e+00 2.76181530e+00
 5.44010026e+00 6.59407851e+00 5.03795352e+00 1.09742659e+00 1.49963908e+00 2.96741133e+00
 5.31524073e+00 6.65772244e+00 5.15954206e+00 1.07663534e+00 1.41388044e+00 3.17465983e+00
 5.20580283e+00 6.70465617e+00 5.27519669e+00 1.10862188e+00 1.45054577e+00 3.51345180e+00
 5.06197997e+00 6.67800665e+00 5.34825880e+00 1.11757343e+00 1.46654744e+00 3.89828766e+00
 4.92727482e+00 6.64125300e+00 5.39395634e+00 1.14078951e+00 1.51248662e+00 4.19336767e+00
 4.83540288e+00 6.64671731e+00 5.47291852e+00 1.15663065e+00 1.53472706e+00 4.43106644e+00
 4.84114963e+00 6.31906968e+00 5.13585572e+00 1.19616585e+00 1.59613116e+00 4.68305252e+00
 4.90046129e+00 5.42663955e+00 4.19994882e+00 1.25271554e+00 1.67514051e+00 4.91982999e+00
 4.96406461e+00 5.43895666e+00 3.41537332e+00 1.30088883e+00 1.77782022e+00 5.14610466e+00
 5.00612501e+00 5.78479900e+00 2.88211086e+00 1.32059129e+00 1.85100479e+00 5.27138757e+00
 5.02070985e+00 6.00040563e+00 2.51031089e+00 1.30620720e+00 1.91442066e+00 5.36249816e+00
 4.99521871e+00 6.02028362e+00 2.24781549e+00 1.27172501e+00 1.92810721e+00 5.34193759e+00
 4.94789182e+00 5.93792838e+00 2.05757034e+00 1.22337445e+00 1.90810335e+00 5.28926928e+00
 4.91012702e+00 5.88282860e+00 1.92889168e+00 1.20285138e+00 1.91042330e+00 5.30247180e+00
 4.87435146e+00 5.89454183e+00 1.83333930e+00 1.18542270e+00 1.91158358e+00 5.33818712e+00
 4.83711349e+00 5.89511608e+00 1.76167865e+00 1.17137235e+00 1.92138954e+00 5.41161874e+00
 4.81857762e+00 5.91973000e+00 1.71820860e+00 1.16202460e+00 1.95699257e+00 5.50560947e+00
 4.81412033e+00 5.56825898e+00 1.69057510e+00 1.16680043e+00 2.01095129e+00 5.56697476e+00
 4.77415010e+00 4.68707546e+00 1.65369893e+00 1.16794307e+00 2.06442388e+00 5.60254102e+00
 4.70724351e+00 3.86674845e+00 1.60963305e+00 1.18313065e+00 2.10198947e+00 5.57445681e+00
 4.60286998e+00 3.28002049e+00 1.53662872e+00 1.17844525e+00 2.10689901e+00 5.57314760e+00
 4.50570275e+00 2.91747107e+00 1.45614805e+00 1.17532377e+00 2.12936905e+00 5.60400338e+00
 4.44294817e+00 2.69334985e+00 1.40085409e+00 1.19167839e+00 2.16850349e+00 5.64803887e+00
 4.38480594e+00 2.54942691e+00 1.35989631e+00 1.20211977e+00 2.19561552e+00 5.67311308e+00
 4.34099665e+00 2.44667533e+00 1.32045241e+00 1.20264234e+00 2.20476671e+00 5.69415105e+00
 4.29592437e+00 2.36035238e+00 1.28380201e+00 1.19929872e+00 2.20907741e+00 5.69024481e+00
 4.25684145e+00 2.30236401e+00 1.25742183e+00 1.19553948e+00 2.21339085e+00 5.67653674e+00
 4.20610197e+00 2.24898006e+00 1.24098480e+00 1.19856757e+00 2.22391629e+00 5.68746644e+00
 4.17017665e+00 2.20100049e+00 1.23273786e+00 1.20421033e+00 2.22810399e+00 5.64918498e+00
 4.14551959e+00 2.16342078e+00 1.22755494e+00 1.20577875e+00 2.23067192e+00 5.64206165e+00
 4.10310541e+00 2.11229486e+00 1.21692634e+00 1.19230434e+00 2.19870940e+00 5.61653033e+00
 4.08915822e+00 2.09032745e+00 1.29390179e+00 1.35912441e+00 2.53185448e+00 6.04792225e+00
 4.07988143e+00 2.16000602e+00 1.46048283e+00 1.61710274e+00 3.18236754e+00 7.15663369e+00
 4.06638658e+00 2.26100734e+00 1.54816191e+00 1.72021964e+00 3.41485193e+00 7.88585697e+00
 4.03790461e+00 2.21672044e+00 1.54777058e+00 1.74344189e+00 3.52568090e+00 8.13272827e+00
 4.00622470e+00 2.15556981e+00 1.52268271e+00 1.72615963e+00 3.56733192e+00 8.23204410e+00
 3.98773422e+00 2.11421390e+00 1.49935201e+00 1.69845205e+00 3.56454579e+00 8.27436990e+00
 3.96724155e+00 2.07169213e+00 1.47273414e+00 1.66543952e+00 3.52709093e+00 8.21616054e+00
 3.94452587e+00 2.02469693e+00 1.43922552e+00 1.63575992e+00 3.44470475e+00 8.12950947e+00
 3.88437645e+00 1.99630576e+00 1.41909879e+00 1.61642948e+00 3.38950913e+00 8.16621330e+00
 3.86565969e+00 1.97300980e+00 1.40190326e+00 1.59626714e+00 3.34072625e+00 8.15203032e+00
 3.86797537e+00 1.95354011e+00 1.38723234e+00 1.58386780e+00 3.32774439e+00 8.16761639e+00
 3.86900794e+00 1.94070642e+00 1.37725094e+00 1.57929442e+00 3.32391106e+00 8.13819285e+00
 3.84035338e+00 1.91861643e+00 1.35942288e+00 1.56492803e+00 3.32477851e+00 8.17058638e+00
 3.82242952e+00 1.90400949e+00 1.35289353e+00 1.56615171e+00 3.33167444e+00 8.15975510e+00
 3.80718113e+00 1.89248111e+00 1.34646610e+00 1.56225906e+00 3.34379344e+00 8.16334247e+00
 3.80592359e+00 1.88021696e+00 1.34287745e+00 1.56125851e+00 3.35115038e+00 8.16503877e+00
 3.80593741e+00 1.87252461e+00 1.33542406e+00 1.55792455e+00 3.36051141e+00 8.16034204e+00
 3.78057692e+00 1.86149175e+00 1.33090017e+00 1.55148424e+00 3.34771623e+00 8.13441936e+00
 3.75911536e+00 1.85511973e+00 1.33184235e+00 1.55326018e+00 3.35753233e+00 8.14164228e+00
 3.74015979e+00 1.84778453e+00 1.32299199e+00 1.55437041e+00 3.36861487e+00 8.12479695e+00
 3.72517512e+00 1.83830593e+00 1.31706806e+00 1.55148424e+00 3.35229018e+00 8.06412398e+00
 3.71358869e+00 1.83357254e+00 1.31415537e+00 1.55170620e+00 3.35295514e+00 8.09132110e+00
 3.68746757e+00 1.82852077e+00 1.31847796e+00 1.55570296e+00 3.36897982e+00 8.15167194e+00
 3.67540837e+00 1.82411757e+00 1.31932407e+00 1.55525874e+00 3.36664766e+00 8.14271640e+00
 3.66787291e+00 1.82186359e+00 1.32515624e+00 1.55215015e+00 3.36415766e+00 8.12658420e+00
 3.65709268e+00 1.81392812e+00 1.32440336e+00 1.55059647e+00 3.35544136e+00 8.07262114e+00
 3.63782068e+00 1.80397086e+00 1.32017030e+00 1.54882134e+00 3.35124536e+00 8.07165151e+00
 3.63128430e+00 1.79691501e+00 1.31970016e+00 1.55226115e+00 3.33292176e+00 8.01972127e+00
 3.61858064e+00 1.79061493e+00 1.31415537e+00 1.55259414e+00 3.32403723e+00 8.04631324e+00
 3.59514764e+00 1.77792927e+00 1.30899136e+00 1.54272338e+00 3.29001861e+00 7.97314846e+00
 3.56008161e+00 1.76654705e+00 1.30195707e+00 1.53475011e+00 3.26342649e+00 7.92265453e+00
 3.55296179e+00 1.76367852e+00 1.29558684e+00 1.52933002e+00 3.21355858e+00 7.86823783e+00
 3.54652639e+00 1.75465745e+00 1.28763407e+00 1.50836038e+00 3.11233467e+00 7.76963674e+00
 3.54448437e+00 1.74596840e+00 1.27427981e+00 1.49790352e+00 3.05665658e+00 7.79179063e+00
 3.53732930e+00 1.73264296e+00 1.25881699e+00 1.48505059e+00 3.00807578e+00 7.78739352e+00
 3.52357221e+00 1.71650430e+00 1.24506638e+00 1.48285632e+00 2.97901737e+00 7.76490495e+00
 3.50247965e+00 1.70745316e+00 1.23699882e+00 1.47452557e+00 2.94480445e+00 7.68835623e+00
 3.48212761e+00 1.70440432e+00 1.23162684e+00 1.46303541e+00 2.89240676e+00 7.63185443e+00
 3.48059208e+00 1.70083191e+00 1.23625755e+00 1.45789949e+00 2.86730617e+00 7.65286091e+00
 3.46580737e+00 1.69694687e+00 1.23088627e+00 1.45953812e+00 2.86293890e+00 7.66829663e+00
 3.44231346e+00 1.68467938e+00 1.21978947e+00 1.46259814e+00 2.87962293e+00 7.71306825e+00
 3.42842626e+00 1.68237567e+00 1.21941996e+00 1.45735338e+00 2.86618079e+00 7.61166424e+00
 3.40596791e+00 1.67986360e+00 1.21424924e+00 1.45036767e+00 2.84115730e+00 7.55612708e+00
 3.38480530e+00 1.67139367e+00 1.20705507e+00 1.43533305e+00 2.79840884e+00 7.50316335e+00
 3.37679927e+00 1.67097574e+00 1.20493546e+00 1.43033008e+00 2.76471244e+00 7.50261444e+00
 3.37790916e+00 1.66450170e+00 1.19756912e+00 1.42359373e+00 2.72890946e+00 7.49197788e+00
 3.37127857e+00 1.66471042e+00 1.19223454e+00 1.41209471e+00 2.68543034e+00 7.43279264e+00
 3.34514828e+00 1.66387557e+00 1.19922571e+00 1.40765305e+00 2.65918046e+00 7.49566430e+00
 3.31781183e+00 1.66053743e+00 1.19867346e+00 1.40440519e+00 2.63818774e+00 7.52774375e+00
 3.28266135e+00 1.65584653e+00 1.19931775e+00 1.40483814e+00 2.65285595e+00 7.58650085e+00
 3.26177893e+00 1.65199251e+00 1.19876550e+00 1.40408051e+00 2.65541382e+00 7.54742257e+00
 3.25672764e+00 1.68216629e+00 1.27931898e+00 1.49394577e+00 2.80944646e+00 7.66944444e+00
