 2.15805649e+01 2.11273852e+01 2.15805649e+01 2.12579486e+01 2.11359226e+01 2.12912496e+01
 2.08412823e+01 2.09614146e+01 2.08412823e+01 2.12579486e+01 2.10835110e+01 2.11159034e+01
 2.15120893e+01 2.13511577e+01 2.15120893e+01 2.14592866e+01 2.08755288e+01 2.11741523e+01
 1.15159641e+01 1.01461812e+01 1.15159641e+01 1.11165996e+01 1.05430021e+01 9.68010076e+00
 6.17914737e+00 5.04073300e+00 6.17914737e+00 6.45807475e+00 5.71902068e+00 4.71136622e+00
 4.58348034e+00 3.34468008e+00 4.58348034e+00 4.76437000e+00 3.96780918e+00 3.06622704e+00
 3.73086863e+00 2.66153459e+00 3.73086863e+00 3.96840192e+00 3.07883169e+00 2.38872830e+00
 3.38322750e+00 2.12275567e+00 3.38322750e+00 3.29866098e+00 2.69632052e+00 1.89767003e+00
 2.93418571e+00 1.79380397e+00 2.93418571e+00 3.07130995e+00 2.36190541e+00 1.51008652e+00
 2.85346440e+00 1.62892130e+00 2.85346440e+00 2.74849234e+00 1.95156232e+00 1.41632982e+00
 2.39946817e+00 1.25739775e+00 2.39946817e+00 2.58042573e+00 1.90644558e+00 1.14221065e+00
 2.24831126e+00 1.09343879e+00 2.24831126e+00 2.42473873e+00 1.75525870e+00 1.02370722e+00
 2.09980159e+00 1.00276767e+00 2.09980159e+00 2.39244268e+00 1.65054952e+00 8.97555749e-01
 1.96834924e+00 9.23090667e-01 1.96834924e+00 2.28860773e+00 1.39578388e+00 7.92576556e-01
 1.92498743e+00 8.93431931e-01 1.92498743e+00 2.11671895e+00 1.28838615e+00 6.51960254e-01
 1.81045056e+00 8.05166586e-01 1.81045056e+00 2.03252961e+00 1.22316814e+00 6.70542722e-01
 1.71151676e+00 6.79523603e-01 1.71151676e+00 1.98708945e+00 1.25569490e+00 6.51960254e-01
 1.75377151e+00 8.14921576e-01 1.75377151e+00 1.88977988e+00 1.07087456e+00 5.14190436e-01
 1.69748000e+00 6.41296883e-01 1.69748000e+00 1.85276390e+00 1.21506200e+00 4.50847779e-01
 1.61376075e+00 5.46605122e-01 1.61376075e+00 1.90464974e+00 1.07880029e+00 4.50847779e-01
 1.65551332e+00 4.81054504e-01 1.65551332e+00 1.79400553e+00 1.02352632e+00 4.23882875e-01
 1.62765458e+00 3.60889454e-01 1.62765458e+00 1.69973037e+00 9.06680737e-01 3.25932518e-01
 1.48977148e+00 3.42581314e-01 1.48977148e+00 1.72858055e+00 8.68208644e-01 3.17098987e-01
 1.54464452e+00 3.15207463e-01 1.54464452e+00 1.68535732e+00 9.22135742e-01 3.97026191e-01
 1.48977148e+00 2.97016871e-01 1.48977148e+00 1.58570589e+00 8.29971138e-01 1.94651587e-01
 1.42169894e+00 2.15734563e-01 1.42169894e+00 1.57865156e+00 8.45238128e-01 3.25932518e-01
 1.43526764e+00 2.78872981e-01 1.43526764e+00 1.64244485e+00 7.31636207e-01 2.29405482e-01
 1.20765990e+00 3.51729478e-01 1.20765990e+00 1.65671468e+00 8.37599975e-01 1.68706124e-01
 1.23410368e+00 1.97798624e-01 1.23410368e+00 1.59983982e+00 7.31636207e-01 1.85991712e-01
 1.36765139e+00 2.51744320e-01 1.36765139e+00 1.48076647e+00 7.61727971e-01 2.20699803e-01
 1.16815828e+00 1.26510385e-01 1.16815828e+00 1.50160524e+00 7.24136008e-01 1.60080366e-01
 1.30059908e+00 1.79908411e-01 1.30059908e+00 1.58570589e+00 8.07140344e-01 1.17121040e-01
 1.23410368e+00 2.06760867e-01 1.23410368e+00 1.54350565e+00 6.49629820e-01 1.25690384e-01
 1.11579340e+00 1.44264465e-01 1.11579340e+00 1.41869120e+00 6.20077486e-01 2.99467119e-01
 9.99225817e-01 1.21989312e-02 9.99225817e-01 1.43930984e+00 7.46663863e-01 4.89682390e-02
 1.14193260e+00 1.08801338e-01 1.14193260e+00 1.44619892e+00 4.81617706e-01 1.00015980e-01
 1.05082095e+00 2.33716402e-01 1.05082095e+00 1.34370775e+00 6.49629820e-01 -4.35901864e-02
 1.02498109e+00 9.11371521e-02 1.02498109e+00 1.30994197e+00 6.42228425e-01 -3.52302463e-02
 9.86379767e-01 3.84120649e-02 9.86379767e-01 1.37767133e+00 6.27452274e-01 -6.02776639e-02
 9.73554707e-01 7.35176574e-02 9.73554707e-01 1.39131254e+00 6.27452274e-01 1.51575412e-02
 1.07674581e+00 -1.39153472e-02 1.07674581e+00 1.30994197e+00 6.20077486e-01 -6.02776639e-02
 9.60750586e-01 1.17650243e-01 9.60750586e-01 1.32342466e+00 6.71887479e-01 -1.34840786e-01
 1.03789043e+00 -1.39153472e-02 1.03789043e+00 1.30321240e+00 6.49629820e-01 -1.43072401e-01
 1.07674581e+00 -1.08830914e-01 1.07674581e+00 1.32342466e+00 5.17751211e-01 -9.35235919e-02
 9.47967353e-01 -1.51544799e-01 9.47967353e-01 1.26299892e+00 6.57040117e-01 -1.68198543e-03
 9.99225817e-01 -9.16706111e-02 9.99225817e-01 1.23634508e+00 5.10507335e-01 -1.00853679e-02
 9.47967353e-01 1.97798624e-01 9.47967353e-01 1.28977674e+00 5.32264836e-01 -1.34840786e-01
 8.46447349e-01 -5.72209801e-02 8.46447349e-01 1.35048459e+00 4.74416692e-01 6.73231051e-03
 8.97042278e-01 2.09256308e-02 8.97042278e-01 1.31667939e+00 4.88827262e-01 -1.34840786e-01
 9.22463345e-01 -1.43023299e-01 9.22463345e-01 1.31667939e+00 5.32264836e-01 -2.08546860e-01
 1.11579340e+00 -7.44673536e-02 1.11579340e+00 1.17682278e+00 5.46813058e-01 -1.26598590e-01
 8.84362720e-01 -1.34491180e-01 8.84362720e-01 1.25632387e+00 4.74416692e-01 -1.34840786e-01
 8.21272687e-01 -1.00256122e-01 8.21272687e-01 1.37086271e+00 4.17114285e-01 -1.67703968e-01
 8.08715884e-01 -9.16706111e-02 8.08715884e-01 1.22306438e+00 4.88827262e-01 -1.75893465e-01
 6.59602584e-01 -8.30743617e-02 6.59602584e-01 1.22970089e+00 3.67416309e-01 -1.84072482e-01
 8.33849826e-01 -2.44586093e-01 8.33849826e-01 1.15711884e+00 4.38539225e-01 -1.59503972e-01
 8.84362720e-01 -6.58495665e-02 8.84362720e-01 1.22970089e+00 3.25142079e-01 -2.41033869e-01
 7.96179366e-01 -5.22153712e-03 7.96179366e-01 1.20320081e+00 5.54100182e-01 -1.51293457e-01
 7.96179366e-01 -1.51544799e-01 7.96179366e-01 1.22970089e+00 3.18125216e-01 -2.73355759e-01
 7.71166990e-01 -2.25982354e-02 7.71166990e-01 1.22970089e+00 3.32167158e-01 -1.34840786e-01
 7.71166990e-01 -2.19336891e-01 7.71166990e-01 1.22306438e+00 3.11116555e-01 -1.84778581e-02
 8.84362720e-01 -2.02451910e-01 8.84362720e-01 1.18999659e+00 3.11116555e-01 -2.16684161e-01
 7.71166990e-01 -3.52925967e-01 7.71166990e-01 1.16367926e+00 3.25142079e-01 -2.49129772e-01
 6.59602584e-01 -3.28078030e-01 6.59602584e-01 1.14402059e+00 3.32167158e-01 -2.24811083e-01
 6.59602584e-01 -2.86460669e-01 6.59602584e-01 1.20320081e+00 3.04116082e-01 -2.65290697e-01
 7.08987632e-01 -3.44653484e-01 7.08987632e-01 1.18340589e+00 3.81573992e-01 -3.21531741e-01
 5.37512863e-01 -3.69440538e-01 5.37512863e-01 1.18340589e+00 3.81573992e-01 -3.29525521e-01
 6.96611644e-01 -3.28078030e-01 6.96611644e-01 1.08544873e+00 4.24247505e-01 -2.16684161e-01
 6.47305708e-01 -3.94136687e-01 6.47305708e-01 1.12442950e+00 4.09989472e-01 -1.92241041e-01
 6.59602584e-01 -1.60055699e-01 6.59602584e-01 1.13748273e+00 3.04116082e-01 -2.41033869e-01
 6.84255505e-01 -2.86460669e-01 6.84255505e-01 1.05960962e+00 2.41477914e-01 -1.75893465e-01
 5.73935648e-01 -2.94804642e-01 5.73935648e-01 1.04673418e+00 2.34558534e-01 -2.65290697e-01
 6.35028490e-01 -1.85525006e-01 6.35028490e-01 1.13095237e+00 3.32167158e-01 -3.13527836e-01
 2.25809568e-02 2.96633351e-02 2.25809568e-02 1.27215638e-02 -9.29645674e-03 3.70277078e-01
