0 21.2885 21.149 21.4346 21.2693 21.2431 21.4862
5 21.2521 21.146 21.1762 21.2706 21.262 21.2238
10 21.4139 21.3452 21.4316 21.4648 21.1247 21.3764
15 12.1261 10.5861 11.3288 10.7128 11.025 10.6715
20 5.84332 5.03471 5.77035 5.75668 5.56986 4.79346
25 4.10153 3.42758 4.21227 4.0731 3.80266 2.97973
30 3.297 2.68838 3.4401 3.25316 2.89232 2.06948
35 2.70317 2.16099 2.87996 2.65519 2.36994 1.55204
40 2.43909 1.86613 2.67994 2.34489 2.00553 1.15036
45 2.16663 1.71354 2.44187 2.06226 1.72371 0.96353
50 1.95146 1.44968 2.1031 1.86724 1.59515 0.693999
55 1.68363 1.29165 1.98107 1.68926 1.40638 0.596939
60 1.57809 1.16509 1.88287 1.6254 1.30325 0.480427
65 1.55264 1.07599 1.71452 1.54476 1.12194 0.405253
70 1.44851 1.01165 1.61159 1.43799 1.04129 0.282141
75 1.35175 0.93859 1.57741 1.32577 0.966208 0.223684
80 1.27878 0.855888 1.58284 1.27507 0.895137 0.163497
85 1.21775 0.877987 1.41301 1.20841 0.809689 0.00608967
90 1.22046 0.799393 1.38462 1.14887 0.832404 -0.0534453
95 1.11867 0.702638 1.27154 1.13803 0.752544 -0.07045
100 1.10417 0.709964 1.17221 1.11829 0.760388 -0.0859337
105 1.03938 0.616255 1.31798 1.04881 0.674616 -0.124737
110 1.01385 0.579113 1.24831 1.01028 0.598226 -0.076083
115 1.05647 0.542609 1.19168 0.968286 0.626051 -0.168061
120 0.938224 0.519291 1.13402 0.938541 0.568144 -0.224279
125 0.970409 0.49608 1.33681 0.90948 0.531759 -0.25087
130 0.981968 0.483039 0.999339 0.903679 0.496745 -0.29003
135 0.796622 0.497441 0.968595 0.89192 0.504498 -0.328448
140 0.825797 0.473156 1.025 0.855922 0.44278 -0.267722
145 0.816328 0.459544 1.08122 0.849287 0.485287 -0.3531
150 0.790556 0.393678 1.09222 0.800504 0.506986 -0.344396
155 0.767737 0.410344 0.994827 0.903078 0.458322 -0.386472
160 0.768427 0.396722 0.95393 0.800813 0.398495 -0.406445
165 0.769418 0.358225 0.901553 0.748012 0.349171 -0.38461
170 0.617046 0.279417 0.823667 0.753858 0.402844 -0.422728
175 0.694557 0.318119 0.772242 0.752629 0.309187 -0.387081
180 0.693955 0.352681 0.909956 0.699611 0.352297 -0.510657
185 0.62257 0.314558 0.897224 0.687006 0.384732 -0.507249
190 0.570405 0.272749 0.749499 0.68983 0.321184 -0.513855
195 0.61219 0.260056 0.726896 0.669882 0.284518 -0.532008
200 0.656063 0.236317 0.857666 0.637875 0.281588 -0.51044
205 0.611094 0.277024 0.838241 0.650101 0.325369 -0.542871
210 0.639788 0.253555 0.820418 0.643964 0.278568 -0.569841
215 0.610383 0.204941 0.718565 0.653938 0.269016 -0.506084
220 0.561006 0.178775 0.756401 0.61754 0.278107 -0.554743
225 0.571556 0.167369 0.700154 0.59565 0.23485 -0.557226
230 0.561107 0.31688 0.709404 0.62037 0.244018 -0.587217
235 0.510894 0.15185 0.69045 0.610165 0.175865 -0.528113
240 0.557881 0.184825 0.734454 0.612709 0.201285 -0.600653
245 0.532749 0.160475 0.735087 0.629787 0.197187 -0.685555
250 0.555635 0.161255 0.727052 0.574693 0.212319 -0.647356
255 0.556134 0.207754 0.770552 0.578705 0.206633 -0.608218
260 0.558783 0.129444 0.658838 0.601208 0.186941 -0.647424
265 0.470472 0.142985 0.691871 0.526551 0.155067 -0.610681
270 0.404163 0.131043 0.581092 0.526861 0.155343 -0.631976
275 0.48594 0.117673 0.629243 0.54289 0.14055 -0.622797
280 0.45289 0.128537 0.629207 0.535786 0.134763 -0.699981
285 0.42312 0.141732 0.541493 0.533173 0.174502 -0.627047
290 0.44691 0.10597 0.582876 0.522129 0.0876789 -0.720432
295 0.411632 0.113536 0.552697 0.536879 0.101554 -0.624266
300 0.43044 0.0466811 0.537607 0.532782 0.0796091 -0.64966
305 0.487783 0.0769853 0.729808 0.512445 0.099844 -0.70812
310 0.425507 0.00593017 0.528901 0.526903 0.0850277 -0.664844
315 0.352001 0.0309906 0.568802 0.528949 0.108172 -0.715819
320 0.362178 0.0426909 0.517402 0.498749 0.0553223 -0.727301
325 0.494442 0.0478667 0.563328 0.490148 0.0939103 -0.766497
330 0.308867 0.00310367 0.551018 0.4791 0.0875785 -0.745623
335 0.406258 -0.00293121 0.520419 0.43442 0.113905 -0.747182
340 0.323632 -0.0316747 0.537645 0.435145 0.085251 -0.767748
345 0.375664 0.119408 0.435751 0.428529 0.0595922 -0.732121
350 0.435105 0.0201555 0.529181 0.450754 0.011304 -0.705851
355 0.248886 0.0228355 0.440661 0.444618 0.0008845 -0.733849
360 0.423481 0.0315614 0.468533 0.448036 0.0525362 -0.764046
