C1 C2 C3 C4 C5 C6 C7
 0.333516 0.0741968 0.160217 0.0504316 0.125885 0.397971
 0.357648 0.164191 0.29499 0.0118647 0.175719 0.0951148
 0.107344 0.028522 0.0977861 0.119745 0.229545 0.243375
 1.11631 1.25204 2.0384 1.77789 1.07852 0.858709
 1.31013 0.739463 1.41688 1.41894 1.04427 0.226241
 1.44216 0.513984 1.20144 1.02979 0.862447 0.431596
 1.21229 0.409146 1.14714 0.874811 0.706536 0.71508
 1.35504 0.28352 0.924282 0.696114 0.605855 0.768451
 1.2945 0.283321 1.05056 0.701207 0.556863 0.895827
 1.35952 0.335345 0.978429 0.64582 0.496421 0.906441
 1.26857 0.324406 0.808478 0.639179 0.528092 0.985261
 1.23208 0.297368 0.824656 0.645346 0.474838 0.925929
 1.24253 0.230323 0.831461 0.673935 0.483721 0.928235
 1.18588 0.209115 0.736343 0.654145 0.399285 0.907589
 1.14909 0.189061 0.684308 0.596677 0.384592 0.938577
 1.14295 0.182188 0.715444 0.612403 0.371475 0.986603
 1.05858 0.19971 0.80591 0.617103 0.387107 1.01192
 1.15689 0.154936 0.636479 0.590174 0.341885 1.13841
 1.15751 0.195649 0.649898 0.610823 0.412351 1.13275
 1.21635 0.164741 0.590708 0.664518 0.350933 1.1312
 1.19517 0.247793 0.538789 0.585452 0.362647 1.11026
 1.21691 0.234502 0.663106 0.564882 0.312245 1.09865
 1.09259 0.217131 0.628802 0.626348 0.297247 0.954133
 1.10143 0.206153 0.566287 0.629145 0.335274 1.16434
 1.15626 0.195672 0.528774 0.566596 0.283664 1.0923
 1.10411 0.255945 0.817633 0.586299 0.312686 1.21944
 1.14362 0.180775 0.486197 0.651691 0.257927 1.20581
 1.08251 0.12753 0.428205 0.674822 0.320007 1.18896
 1.05291 0.251693 0.499429 0.662847 0.276285 1.0861
 1.11014 0.181728 0.543025 0.556063 0.301398 1.25587
 0.99633 0.231386 0.633203 0.629538 0.305316 1.17305
 1.03137 0.201705 0.503203 0.591934 0.318689 1.22698
 1.10369 0.165807 0.466645 0.66293 0.24842 1.2348
 1.04111 0.185312 0.446926 0.600161 0.251071 1.31427
 1.05118 0.238484 0.404067 0.615925 0.319903 1.18279
 1.03769 0.182174 0.384884 0.621331 0.189975 1.15923
 1.06325 0.105772 0.491893 0.584475 0.288141 1.23204
 1.01495 0.193555 0.495221 0.568648 0.283346 1.242
 1.01051 0.205856 0.346244 0.628646 0.282767 1.21623
 0.984402 0.17342 0.313874 0.660554 0.298365 1.30419
 1.1088 0.223565 0.449401 0.622721 0.29756 1.19698
 0.995306 0.1443 0.459325 0.617894 0.311753 1.19032
 1.0884 0.232845 0.410572 0.611708 0.324003 1.24545
 1.02219 0.27453 0.373289 0.614288 0.23719 1.16984
 0.987911 0.296489 0.366333 0.598688 0.331344 1.297
 1.00055 0.237878 0.338551 0.606414 0.247793 1.28815
 0.978657 0.109687 0.327638 0.617405 0.257591 1.2312
 0.969394 0.220648 0.336801 0.691387 0.258554 1.22746
 0.918263 0.17645 0.393476 0.656765 0.251281 1.2462
 1.00752 0.274285 0.382011 0.622809 0.29041 1.34295
 1.01964 0.221256 0.417391 0.5561 0.290203 1.31163
 0.976193 0.296395 0.408678 0.635766 0.238215 1.28282
 0.907911 0.225457 0.321045 0.716624 0.208925 1.29687
 0.883221 0.237093 0.367969 0.66537 0.289071 1.22774
 0.886192 0.218574 0.278434 0.669153 0.190095 1.23519
 0.858381 0.322111 0.291085 0.583769 0.258168 1.25593
 0.963423 0.210855 0.314693 0.670913 0.16759 1.31078
 0.972136 0.195044 0.256937 0.635424 0.330667 1.27204
 0.887237 0.261192 0.261799 0.687792 0.199585 1.33842
 0.963834 0.187189 0.25131 0.664712 0.203148 1.25715
 1.00425 0.284414 0.255748 0.66151 0.203667 1.40892
 0.991868 0.269209 0.412679 0.654561 0.18389 1.33333
 0.89579 0.348152 0.269764 0.60771 0.207953 1.23353
 0.955438 0.339119 0.288538 0.578672 0.195407 1.33346
 0.911304 0.307887 0.212447 0.67871 0.221575 1.32116
 0.947438 0.356058 0.257509 0.67174 0.249578 1.35391
 0.887409 0.344918 0.308655 0.67905 0.255986 1.32158
 0.784207 0.321178 0.225491 0.662868 0.268778 1.3836
 0.887514 0.355833 0.25085 0.68883 0.2828 1.44909
 0.870662 0.25531 0.20516 0.712244 0.21239 1.34
 0.879286 0.302564 0.231776 0.601935 0.204285 1.35022
 0.881044 0.314881 0.166415 0.602251 0.213165 1.34302
 0.800509 0.240766 0.208219 0.672005 0.245518 1.32552
