0 21.1789 21.3142 21.335 21.1689 21.0148 21.5288
5 20.9408 21.088 21.335 21.3245 21.2235 21.1801
10 21.3598 21.1443 21.9048 21.4816 21.3288 21.1801
15 21.4814 21.1443 21.5229 21.4291 21.3817 21.6465
20 21.3598 21.088 21.46 21.3245 21.3817 21.9441
25 21.4205 21.2007 21.3974 21.2725 21.4348 21.2956
30 21.2993 21.3142 21.46 21.5872 21.1711 21.6465
35 13.4145 11.9987 13.2671 12.2541 12.2605 11.1822
40 6.95285 5.77114 6.93789 6.68834 6.53152 4.61973
45 5.24099 3.97798 5.1843 4.56536 4.57059 2.51143
50 4.23266 3.11029 4.41388 3.5133 3.48689 1.25039
55 3.58349 2.46169 3.4434 2.75062 2.74263 0.671464
60 3.41298 2.1786 3.58005 2.2914 2.29085 0.130585
65 3.0457 2.08309 3.14726 1.97194 2.06531 -0.0801002
70 2.93524 1.82423 2.72157 1.67516 1.8936 -0.435683
75 2.53216 1.63358 2.63897 1.42534 1.59825 -0.465414
80 2.4747 1.4287 2.58436 1.35559 1.50845 -0.583195
85 2.4747 1.31429 2.29037 1.28653 1.30625 -0.631737
90 2.28271 1.2297 2.08307 1.20118 1.2373 -0.785011
95 2.1941 1.14616 2.14727 0.992392 1.13517 -0.907282
100 2.05243 1.07274 2.31666 0.943232 0.943668 -0.999989
105 2.00941 1.05451 1.80656 0.878244 0.935465 -1.29789
110 2.06323 1.0182 1.81892 0.758082 0.886461 -1.35077
115 2.00941 0.874887 1.61142 0.726406 0.797554 -1.36831
120 1.92414 0.973085 1.26983 0.797894 0.910917 -1.35954
125 1.85038 0.821928 1.7696 0.687023 0.797554 -1.37706
130 1.78777 0.769388 1.72059 0.578 0.646775 -1.16398
135 1.82945 0.717263 1.4919 0.508867 0.694014 -1.50711
140 1.71544 0.665547 1.3859 0.531829 0.607671 -1.46403
145 1.77739 0.717263 2.10869 0.485986 0.530166 -1.6517
150 1.82945 0.62276 1.08774 0.410298 0.537874 -1.66851
155 1.61341 0.588731 1.22389 0.380271 0.476463 -1.68529
160 1.61341 0.691354 1.3859 0.328062 0.415635 -1.50711
165 1.54289 0.588731 1.42107 0.432911 0.530166 -1.79338
170 1.54289 0.529605 1.68403 0.283649 0.638935 -1.68529
175 1.42367 0.554879 1.26983 0.531829 0.385437 -1.78512
180 1.56296 0.471013 1.21245 0.268913 0.392973 -1.81809
185 1.59319 0.462686 1.20103 0.261558 0.303128 -1.89982
190 1.42367 0.355402 1.11026 0.246874 0.347891 -1.76858
195 1.43352 0.404695 0.801017 0.246874 0.340408 -1.71038
200 1.53287 0.388222 1.31605 0.203025 0.332935 -1.90794
205 1.37461 0.421211 1.31605 0.195746 0.430788 -1.91606
210 1.30653 0.355402 0.909985 0.14503 0.266065 -1.89169
215 1.36484 0.290263 0.833538 0.0947203 0.141666 -2.02065
220 1.49296 0.306486 1.15551 0.0804201 0.16344 -1.86724
225 1.38439 0.314612 1.22389 0.109053 0.236572 -1.88355
230 1.47309 0.363591 1.07651 0.0947203 0.134425 -1.97257
235 1.31621 0.322749 0.747133 0.116232 0.243933 -1.82631
240 1.29686 0.266007 0.987231 0.0804201 0.134425 -2.0366
245 1.2872 0.21777 0.768639 0.0306262 0.16344 -2.02863
250 1.2872 0.339055 0.844411 0.0732823 0.16344 -1.98061
255 1.26793 0.13028 0.920971 -0.018772 0.0268105 -1.93225
260 1.25832 0.161954 1.02058 0.0164723 0.091155 -2.01266
265 1.2872 0.233808 0.987231 0.101883 0.0410515 -2.20189
270 1.17241 0.193789 0.779416 0.0804201 0.0624749 -2.13939
275 1.32591 0.380001 1.11026 -0.00469834 0.127193 -2.06046
280 1.30653 0.138184 0.866204 -0.0468238 0.134425 -2.11581
285 1.13458 0.138184 0.987231 -0.102548 -0.0157165 -1.99665
290 1.13458 0.122387 0.811841 -0.102548 0.0983459 -2.02863
295 1.11575 0.225784 0.757878 -0.00469834 -0.0157165 -2.04456
300 1.12516 0.0987649 0.72569 -0.109478 0.0696325 -2.17852
305 1.15347 0.067407 0.545936 -0.0608021 -0.0509326 -2.06839
310 1.10636 0.0987649 0.661738 -0.144012 -0.0298272 -2.22517
315 1.14402 0.0362056 0.608871 -0.0956098 -0.0509326 -2.05252
320 1.22 0.0129064 0.577335 -0.0956098 -0.0719656 -2.26381
325 1.22 0.0987649 1.0429 -0.1164 0.0126022 -2.21742
330 1.09697 0.0284295 0.577335 -0.0468238 -0.0368704 -2.05252
335 1.11575 0.0752318 0.801017 -0.00469834 0.0197022 -2.22517
340 1.08761 0.0909107 0.619414 -0.150896 -0.120763 -2.21742
345 1.31621 0.138184 0.714993 -0.157772 -0.0649626 -2.28689
350 1.05958 0.067407 0.866204 -0.1715 -0.0859476 -2.22517
355 1.00388 0.00515936 0.598344 -0.239684 -0.0439055 -2.31753
360 1.00388 -0.0180241 0.714993 -0.253229 -0.106861 -2.41618
 1.06891 0.177851 0.390968 -0.286962 -0.0789606 -2.24838
 1.16293 0.0284295 0.640545 -0.144012 -0.148474 -2.24065
 0.921224 0.0284295 0.493907 -0.157772 -0.182935 -2.24838
 1.09697 -0.0103059 0.5355 -0.212502 -0.127703 -2.2561
 0.930357 -0.064133 0.714993 -0.198865 -0.155381 -2.26381
 1.01313 0.0439913 0.844411 -0.293686 -0.196665 -2.39354
 0.912104 -0.056472 0.608871 -0.137121 -0.230854 -2.40864
 1.1914 -0.0180241 0.577335 -0.259991 -0.148474 -2.04456
 0.967016 0.067407 0.608871 -0.266745 -0.155381 -2.24065
 0.994648 -0.0257328 0.431966 -0.300402 -0.127703 -2.2792
 0.875753 -0.0180241 0.493907 -0.232899 -0.176058 -2.10004
 0.948661 -0.0334319 0.72569 -0.212502 -0.196665 -2.41618
 0.948661 -0.0103059 0.299576 -0.232899 -0.196665 -2.44624
 0.866697 -0.0103059 0.587832 -0.253229 -0.210364 -2.34043
 0.957832 -0.064133 0.801017 -0.253229 -0.237669 -2.4011
 0.930357 -0.117496 0.350204 -0.333873 -0.210364 -2.41618
 0.985424 -0.147783 0.390968 -0.333873 -0.0649626 -2.28689
 0.939502 -0.185434 0.714993 -0.320507 -0.203518 -2.47617
 1.05026 -0.0794267 0.640545 -0.320507 -0.285158 -2.2792
 0.994648 -0.109901 0.566854 -0.333873 -0.203518 -2.30989
 0.902997 -0.140225 0.401195 -0.353867 -0.230854 -2.21742
 0.884821 -0.0717846 0.390968 -0.232899 -0.271628 -2.37083
 1.05026 -0.0870594 0.954027 -0.307111 -0.0439055 -2.12368
 0.912104 -0.117496 0.587832 -0.259991 -0.258067 -2.41618
 0.884821 -0.117496 0.431966 -0.353867 -0.298658 -2.39354
 0.866697 -0.177922 0.380755 -0.327194 -0.291911 -2.42371
 0.893903 -0.0103059 0.556387 -0.266745 -0.196665 -2.30223
 0.848623 -0.132658 0.954027 -0.226108 -0.264851 -2.51339
 0.921224 0.067407 0.34005 -0.266745 -0.224032 -2.44624
 0.912104 -0.192936 0.931973 -0.286962 -0.237669 -2.30989
 0.921224 -0.147783 0.70431 -0.373795 -0.189804 -2.30989
 0.884821 -0.132658 0.757878 -0.340545 -0.244476 -2.37841
 0.803659 -0.200429 0.545936 -0.273491 -0.278396 -2.4011
 0.902997 -0.147783 0.629972 -0.433186 -0.291911 -2.48363
 0.875753 -0.125082 0.545936 -0.393658 -0.338976 -2.52081
 0.857653 -0.185434 0.289494 -0.34721 -0.338976 -2.43874
 0.848623 -0.056472 0.34005 -0.360517 -0.332275 -2.49853
 0.830599 -0.140225 0.139963 -0.426616 -0.148474 -2.2792
 0.697014 -0.192936 0.411438 -0.360517 -0.217202 -2.42371
 1.07825 -0.125082 0.350204 -0.266745 -0.305396 -2.54302
 1.0224 -0.0946827 0.598344 -0.387044 -0.332275 -2.43874
 0.875753 -0.245197 0.651134 -0.439748 -0.365705 -2.43123
 0.857653 -0.0794267 0.411438 -0.420039 -0.31885 -2.30223
 0.839605 -0.162871 0.390968 -0.433186 -0.352355 -2.50597
 0.893903 -0.215388 0.411438 -0.446304 -0.385673 -2.35565
 0.893903 -0.177922 0.401195 -0.439748 -0.398948 -2.47617
 0.776831 -0.170401 0.199395 -0.36716 -0.325566 -2.55041
 0.821607 -0.147783 0.380755 -0.465928 -0.379024 -2.43874
 0.688207 -0.162871 0.209349 -0.426616 -0.305396 -2.30989
 0.921224 -0.185434 0.279426 -0.327194 -0.338976 -2.35565
 0.812626 -0.222854 0.10062 -0.293686 -0.278396 -2.22517
 0.812626 -0.207913 0.514674 -0.393658 -0.405575 -2.42371
 0.803659 -0.155332 0.169616 -0.485487 -0.385673 -2.43123
 0.785761 -0.207913 0.545936 -0.24646 -0.345669 -2.4687
 0.697014 -0.237758 0.360373 -0.387044 -0.345669 -2.51339
 0.741234 -0.125082 0.32991 -0.420039 -0.365705 -2.50597
 0.767913 -0.207913 0.0420185 -0.446304 -0.338976 -2.52081
 0.884821 -0.245197 0.199395 -0.446304 -0.237669 -2.34804
 0.688207 -0.170401 0.249308 -0.426616 -0.291911 -2.6092
 0.812626 -0.289638 0.279426 -0.353867 -0.405575 -2.49853
 0.848623 -0.237758 0.0810315 -0.353867 -0.458324 -2.53563
 0.750114 -0.237758 0.421694 -0.420039 -0.385673 -2.27151
 0.688207 -0.252626 0.483546 -0.393658 -0.203518 -2.51339
 0.776831 -0.252626 0.299576 -0.452852 -0.332275 -2.54302
 0.912104 -0.192936 0.350204 -0.406863 -0.379024 -2.43123
 0.741234 -0.237758 0.401195 -0.433186 -0.438598 -2.52081
