 2.03247548e+01 2.01729127e+01 2.04272178e+01 2.00072398e+01 2.00065129e+01 1.97453805e+01
 2.05417780e+01 2.03350052e+01 2.05645280e+01 2.01752109e+01 2.01458211e+01 1.99270019e+01
 2.06269390e+01 2.03723412e+01 2.05566122e+01 2.02429304e+01 2.01877346e+01 2.00551377e+01
 2.06800403e+01 2.04296316e+01 2.05317809e+01 2.02982663e+01 2.02113172e+01 2.01362548e+01
 2.05387945e+01 2.02548123e+01 2.03567004e+01 1.98944712e+01 1.98337060e+01 1.96167492e+01
 2.08810030e+01 2.08625611e+01 2.08836029e+01 2.08770260e+01 2.08685578e+01 2.09131183e+01
 2.09175764e+01 2.09342495e+01 2.09450090e+01 2.09643084e+01 2.09436736e+01 2.09570845e+01
 2.10173994e+01 2.10159406e+01 2.09999428e+01 2.10095307e+01 2.10102994e+01 2.10109568e+01
 2.10747208e+01 2.10635222e+01 2.10598090e+01 2.10595771e+01 2.10701993e+01 2.10483752e+01
 2.11105655e+01 2.11250937e+01 2.11127081e+01 2.10904748e+01 2.11084343e+01 2.10709998e+01
 2.11324937e+01 2.11498378e+01 2.11199095e+01 2.11033465e+01 2.11045169e+01 2.10786733e+01
 8.65119264e+00 5.94604711e+00 6.20142025e+00 6.11125544e+00 5.10884216e+00 5.46996288e+00
 5.99189525e+00 2.92569740e+00 3.30124475e+00 3.15397237e+00 2.43822212e+00 4.05291011e+00
 5.59007355e+00 1.60685113e+00 2.22991242e+00 1.82996740e+00 1.40830404e+00 3.95512107e+00
 5.45219493e+00 8.54481264e-01 1.71042236e+00 1.14464272e+00 9.35892125e-01 4.00584220e+00
 5.37676510e+00 4.12082525e-01 1.40235739e+00 7.62209942e-01 7.77251553e-01 4.01715717e+00
 5.34078405e+00 1.42165655e-01 1.22490394e+00 5.80926560e-01 6.41750442e-01 3.94648786e+00
 5.29774616e+00 -3.96173574e-02 9.52018028e-01 3.19388783e-01 1.14006720e+00 3.88902402e+00
 5.30728063e+00 -1.63709783e-01 6.64803178e-01 1.57570379e-01 2.38199516e+00 3.58769011e+00
 5.31543254e+00 -2.45026836e-01 7.72392313e-01 2.48350211e-01 3.33605053e+00 3.26895279e+00
 5.34268163e+00 -3.03050423e-01 1.03356437e+00 3.98545964e-01 3.43650091e+00 3.12508066e+00
 5.32171949e+00 -3.45513044e-01 1.15977438e+00 5.07381956e-01 3.22854530e+00 3.00288720e+00
 5.30804390e+00 -3.57664542e-01 8.13141951e-01 7.36681115e-01 2.18798182e+00 3.04104889e+00
 5.30270259e+00 -3.35939146e-01 1.56594066e+00 6.91705468e-01 1.41208753e+00 3.07825543e+00
 5.29572639e+00 -2.39119890e-01 2.99528507e+00 6.42861954e-01 8.14523824e-01 2.98839893e+00
 5.28662505e+00 -8.63977858e-02 3.48388689e+00 5.10417859e-01 3.39791871e-01 2.93092389e+00
 5.26815131e+00 1.18183692e-01 3.68796495e+00 3.75278686e-01 -3.38558145e-02 2.91938483e+00
 5.24362735e+00 3.45320697e-01 3.81390609e+00 2.67792898e-01 -3.04663062e-01 2.93866745e+00
 5.20565302e+00 6.22982968e-01 3.86115189e+00 1.73992891e-01 -4.59787465e-01 3.05622391e+00
 5.19696016e+00 8.62446686e-01 3.85647209e+00 1.07945396e-01 -4.67795069e-01 3.08070000e+00
 5.19415875e+00 1.34161247e+00 3.23356702e+00 6.68968339e-02 -3.62021020e-01 3.02154310e+00
 5.19094500e+00 2.05023486e+00 2.23754286e+00 3.84062895e-02 -1.77314118e-01 2.96457778e+00
 5.15087893e+00 2.09643291e+00 1.61372343e+00 1.17253147e-03 1.99749937e-02 2.92117585e+00
 5.10587715e+00 2.28738698e+00 1.23941368e+00 -3.38819453e-02 1.81808311e-01 2.90471634e+00
 5.05440613e+00 2.62601051e+00 9.99276569e-01 -6.83589053e-02 2.83912016e-01 2.88035639e+00
 4.98032454e+00 2.75563372e+00 8.27492221e-01 -1.02267906e-01 3.41015008e-01 2.86501103e+00
 4.80841661e+00 2.72982660e+00 6.99820756e-01 -1.32544384e-01 3.63281330e-01 2.85473261e+00
 4.38085988e+00 2.53291395e+00 5.90682902e-01 -1.69061532e-01 3.37346386e-01 2.81570640e+00
 4.12046131e+00 2.48951709e+00 4.89139594e-01 -2.13665936e-01 2.54521229e-01 2.76286121e+00
 3.98607380e+00 2.42218770e+00 4.13657605e-01 -2.40484255e-01 2.05344285e-01 2.77974504e+00
 3.93279792e+00 2.33222702e+00 3.59532850e-01 -2.53916194e-01 2.07733196e-01 2.78405624e+00
 3.90812172e+00 2.19941979e+00 3.07722407e-01 -2.66130149e-01 2.19393727e-01 2.84603864e+00
 3.86098517e+00 2.02368509e+00 2.55997298e-01 -2.78940871e-01 2.28979463e-01 2.84681473e+00
 3.81485229e+00 1.60708908e+00 2.09835303e-01 -2.91952083e-01 2.03553270e-01 2.81407752e+00
 3.73379055e+00 1.20564985e+00 1.70923441e-01 -2.99225985e-01 2.11119229e-01 2.81568960e+00
 3.64234076e+00 9.77065049e-01 1.36543393e-01 -2.99538592e-01 2.44891891e-01 2.82062902e+00
 3.52892228e+00 8.29921361e-01 9.84958986e-02 -3.04459439e-01 2.55525233e-01 2.79985426e+00
 3.41237276e+00 6.92276641e-01 5.54350472e-02 -3.13896324e-01 2.41886098e-01 2.78198385e+00
 3.36691602e+00 5.32730342e-01 2.52045545e-02 -3.19347131e-01 2.32678337e-01 2.77251581e+00
 3.37495027e+00 3.09867637e-01 -3.70527334e-03 -3.24247510e-01 2.22986461e-01 2.75941294e+00
 3.39527542e+00 1.42810330e-01 -3.39210287e-02 -3.26656951e-01 2.17797693e-01 2.74987701e+00
 3.34149733e+00 2.41298834e-02 -6.47873125e-02 -3.31705033e-01 1.92024877e-01 2.73071326e+00
 2.86314780e+00 -6.34139837e-02 -9.56645632e-02 -3.39615817e-01 1.66666602e-01 2.72337124e+00
 2.29665750e+00 -1.23839456e-01 -1.17084492e-01 -3.46507586e-01 1.35031485e-01 2.69715196e+00
 1.93226658e+00 -1.93953600e-01 -1.42262981e-01 -3.65427612e-01 6.66625365e-02 2.64289388e+00
 1.74218703e+00 -2.45967899e-01 -1.66008351e-01 -3.85576943e-01 3.63603064e-03 2.65726143e+00
 1.64683620e+00 -2.71311976e-01 -1.76265781e-01 -3.93857777e-01 -1.69587558e-02 2.67781008e+00
 1.58830379e+00 -2.89326781e-01 -1.84387576e-01 -3.98681549e-01 -1.03576644e-02 2.69278111e+00
 1.55617398e+00 -3.03135023e-01 -1.89771672e-01 -3.98451957e-01 1.12228178e-02 2.68116698e+00
 1.56614099e+00 -2.95769595e-01 -1.88886102e-01 -3.93781170e-01 3.58798286e-02 2.65286758e+00
 1.57775491e+00 -2.89581256e-01 -1.91950829e-01 -3.95619410e-01 5.71577667e-02 2.64153573e+00
 1.56213043e+00 -2.96108467e-01 -2.05276300e-01 -4.03271025e-01 6.87985047e-02 2.62659818e+00
 1.55065625e+00 -3.03304219e-01 -2.16803743e-01 -4.03423930e-01 9.30313352e-02 2.62059345e+00
 1.55368493e+00 -3.03980948e-01 -2.17548668e-01 -3.98758076e-01 1.25114764e-01 2.61576750e+00
 1.54579209e+00 -3.09476066e-01 -2.24856230e-01 -4.01206314e-01 1.38668766e-01 2.60847007e+00
 1.51626377e+00 -3.28031392e-01 -2.38763388e-01 -4.04799856e-01 1.37587164e-01 2.58566875e+00
 1.51056967e+00 -3.29967396e-01 -2.38291488e-01 -3.97610026e-01 1.74380781e-01 2.58195455e+00
 1.51744627e+00 -3.32323283e-01 -2.38965617e-01 -3.95006743e-01 1.90734379e-01 2.55960007e+00
 1.51304000e+00 -3.42995333e-01 -2.42267450e-01 -3.98681549e-01 1.92124159e-01 2.54333119e+00
 1.49170171e+00 -3.51215273e-01 -2.48326011e-01 -4.13581001e-01 1.79430428e-01 2.52692560e+00
 1.47983410e+00 -3.57497131e-01 -2.58943304e-01 -4.31702183e-01 1.62220953e-01 2.51905132e+00
 1.46362306e+00 -3.67949763e-01 -2.68197041e-01 -4.47179097e-01 1.43489361e-01 2.49766175e+00
 1.44713959e+00 -3.84046705e-01 -2.75827693e-01 -4.52629351e-01 1.32673437e-01 2.47221050e+00
 1.45213275e+00 -3.86960404e-01 -2.72013919e-01 -4.50359183e-01 1.38275432e-01 2.46400352e+00
 1.45096374e+00 -3.93281563e-01 -2.79504711e-01 -4.54747181e-01 1.27960333e-01 2.42101806e+00
 1.44066567e+00 -4.09298795e-01 -2.94583694e-01 -4.70298945e-01 7.55030248e-02 2.35506248e+00
 1.42678760e+00 -4.32941750e-01 -3.19696148e-01 -4.91279537e-01 -3.46111131e-03 2.32512439e+00
 1.40693029e+00 -4.66070833e-01 -3.48560813e-01 -5.16123221e-01 -6.98623959e-02 2.30796788e+00
 1.38840351e+00 -4.97111593e-01 -3.76462113e-01 -5.37715913e-01 -1.29288785e-01 2.27023494e+00
 1.36313281e+00 -5.23427808e-01 -4.00160939e-01 -5.56693858e-01 -1.94555143e-01 2.23728756e+00
 1.33422675e+00 -5.48801029e-01 -4.23285446e-01 -5.75888999e-01 -2.41456845e-01 2.24496583e+00
 1.31521128e+00 -5.67225100e-01 -4.39197322e-01 -5.86412427e-01 -2.58494449e-01 2.24290303e+00
 1.28871826e+00 -5.79096394e-01 -4.48163944e-01 -5.85089119e-01 -2.33193441e-01 2.23925626e+00
 1.26399457e+00 -5.87821453e-01 -4.51642674e-01 -5.82294222e-01 -2.12018121e-01 2.19739794e+00
 1.23886834e+00 -5.96052254e-01 -4.57048809e-01 -5.84059617e-01 -2.23352655e-01 2.16619041e+00
 1.21742150e+00 -6.12075308e-01 -4.72716376e-01 -5.99917834e-01 -2.73928172e-01 2.11967090e+00
 1.20540665e+00 -6.31298631e-01 -4.89735879e-01 -6.16378953e-01 -3.31434646e-01 2.10002890e+00
 1.20357616e+00 -6.39695429e-01 -4.96691822e-01 -6.23894875e-01 -3.57982888e-01 2.10064603e+00
 1.20784824e+00 -6.46892700e-01 -5.02618364e-01 -6.28922944e-01 -3.61213639e-01 2.10734799e+00
 1.20683078e+00 -6.47445905e-01 -5.02745733e-01 -6.31544101e-01 -3.73222005e-01 2.06722701e+00
 1.19890098e+00 -6.53290300e-01 -5.08028390e-01 -6.41214856e-01 -4.10507530e-01 2.02722457e+00
 1.18044212e+00 -6.58891297e-01 -5.13177877e-01 -6.49995378e-01 -4.49032888e-01 2.01561462e+00
 1.16477005e+00 -6.62122797e-01 -5.14384941e-01 -6.52532064e-01 -4.36487621e-01 2.04976200e+00
 1.15942139e+00 -6.59837320e-01 -5.09491180e-01 -6.45208088e-01 -3.80378276e-01 2.05895204e+00
 1.16396237e+00 -6.55263203e-01 -5.06119700e-01 -6.39979880e-01 -3.41349449e-01 2.01309031e+00
 1.15841278e+00 -6.56840961e-01 -5.06246971e-01 -6.39180601e-01 -3.43870278e-01 1.97096517e+00
 1.15720271e+00 -6.62674306e-01 -5.10444921e-01 -6.44917788e-01 -3.55378913e-01 1.95052969e+00
 1.15528729e+00 -6.74477635e-01 -5.17686857e-01 -6.52314689e-01 -3.85739162e-01 1.90029904e+00
 1.15932052e+00 -6.81781598e-01 -5.23205883e-01 -6.60423039e-01 -4.30646570e-01 1.87359881e+00
 1.16063195e+00 -6.94009244e-01 -5.29478048e-01 -6.70105258e-01 -4.83686201e-01 1.84575466e+00
 1.15911879e+00 -6.98860563e-01 -5.32262911e-01 -6.76380513e-01 -5.27684153e-01 1.83392747e+00
 1.16012752e+00 -7.10655973e-01 -5.38838561e-01 -6.83222971e-01 -5.55256008e-01 1.81609209e+00
 1.15327178e+00 -7.15257127e-01 -5.43006654e-01 -6.87467341e-01 -5.53958709e-01 1.80558485e+00
 1.15367482e+00 -7.17283392e-01 -5.43385383e-01 -6.85525492e-01 -5.39580405e-01 1.80331613e+00
 1.15176063e+00 -7.21644829e-01 -5.45152366e-01 -6.86676317e-01 -5.30812793e-01 1.77714236e+00
 1.15196209e+00 -7.30666973e-01 -5.52843372e-01 -6.94077809e-01 -5.64241769e-01 1.71448769e+00
 1.14340640e+00 -7.45021613e-01 -5.62407454e-01 -7.08916401e-01 -6.30890074e-01 1.63352444e+00
 1.12924323e+00 -7.59875214e-01 -5.73017627e-01 -7.22707974e-01 -6.91136229e-01 1.61359928e+00
 1.11761848e+00 -7.73220547e-01 -5.80160808e-01 -7.29409991e-01 -7.37763416e-01 1.58255162e+00
 1.12422955e+00 -7.80841165e-01 -5.84979231e-01 -7.35959848e-01 -7.61002446e-01 1.58821894e+00
 1.12382865e+00 -7.82379246e-01 -5.83853305e-01 -7.31760483e-01 -7.38097337e-01 1.63947693e+00
 1.11161530e+00 -7.81994771e-01 -5.84228645e-01 -7.29766204e-01 -7.04009256e-01 1.63550796e+00
 1.10072626e+00 -7.82533027e-01 -5.82727099e-01 -7.31048341e-01 -7.05185576e-01 1.55920366e+00
 1.09713461e+00 -7.84378029e-01 -5.82852247e-01 -7.34536770e-01 -7.33838221e-01 1.49696784e+00
 1.10302215e+00 -7.89448201e-01 -5.86229933e-01 -7.39871014e-01 -7.64408641e-01 1.45955649e+00
 1.10651774e+00 -7.91367351e-01 -5.86792636e-01 -7.43423695e-01 -7.91659524e-01 1.44663628e+00
 1.10621803e+00 -8.03172736e-01 -5.93789324e-01 -7.52080570e-01 -8.22872735e-01 1.39372729e+00
 1.10222347e+00 -8.11129106e-01 -5.98281495e-01 -7.53356415e-01 -8.09965889e-01 1.43489251e+00
 1.09613735e+00 -8.09829431e-01 -5.96098358e-01 -7.48960325e-01 -7.53434254e-01 1.46996157e+00
 1.08458231e+00 -8.08452928e-01 -5.95100001e-01 -7.46902624e-01 -7.34506551e-01 1.41071956e+00
 1.07712430e+00 -8.10823331e-01 -5.96659837e-01 -7.49811514e-01 -7.46854997e-01 1.35631017e+00
 1.07394531e+00 -8.12886939e-01 -6.01336121e-01 -7.55269509e-01 -7.68642458e-01 1.31890030e+00
 1.06957719e+00 -8.20903799e-01 -6.06630074e-01 -7.62772366e-01 -8.07084108e-01 1.26061572e+00
 1.06957719e+00 -8.30811218e-01 -6.10301061e-01 -7.68426674e-01 -8.37384648e-01 1.24223871e+00
 1.07682620e+00 -8.32181428e-01 -6.06505582e-01 -7.68638573e-01 -8.16217871e-01 1.28673224e+00
 1.07503788e+00 -8.28907508e-01 -6.06007578e-01 -7.63620963e-01 -7.64574739e-01 1.29653744e+00
 1.06570837e+00 -8.25707600e-01 -6.02146185e-01 -7.55552861e-01 -7.35007742e-01 1.25805630e+00
 1.05431617e+00 -8.25631387e-01 -6.03267574e-01 -7.61569915e-01 -7.53600708e-01 1.20439342e+00
 1.05758281e+00 -8.27993463e-01 -6.04015012e-01 -7.62984531e-01 -7.69638142e-01 1.18471232e+00
 1.04275013e+00 -8.39102713e-01 -6.12912491e-01 -7.72803905e-01 -7.94962820e-01 1.06952718e+00
 9.63148492e-01 -8.66992114e-01 -6.24955263e-01 -7.90762566e-01 -8.54059038e-01 8.76881581e-01
 8.68894624e-01 -8.98853096e-01 -6.45798818e-01 -8.18161005e-01 -9.39747677e-01 7.85287970e-01
 8.21099130e-01 -9.17809710e-01 -6.66546345e-01 -8.44421292e-01 -1.04981303e+00 7.21184174e-01
 7.89062370e-01 -9.31698902e-01 -6.82977755e-01 -8.71633318e-01 -1.15242693e+00 6.70302143e-01
 7.20907173e-01 -9.53868420e-01 -6.98922331e-01 -8.88995518e-01 -1.19925315e+00 7.18051119e-01
 6.74322357e-01 -9.58912965e-01 -7.00202765e-01 -8.92501095e-01 -1.19025921e+00 7.76681188e-01
 6.54902365e-01 -9.70909573e-01 -7.08851332e-01 -9.01972978e-01 -1.21240942e+00 6.88301960e-01
 6.61061162e-01 -9.86416268e-01 -7.23309403e-01 -9.18534612e-01 -1.26175228e+00 6.10026878e-01
 6.60785241e-01 -9.98270878e-01 -7.34515572e-01 -9.29859515e-01 -1.31179135e+00 5.59183399e-01
 6.23576601e-01 -1.01566823e+00 -7.41648610e-01 -9.39252261e-01 -1.31774072e+00 6.19699006e-01
 6.06435733e-01 -1.02174605e+00 -7.44305467e-01 -9.41155612e-01 -1.28904218e+00 6.56047602e-01
 6.03250783e-01 -1.02796232e+00 -7.47141724e-01 -9.43601578e-01 -1.28552708e+00 5.89575590e-01
 6.17005403e-01 -1.03526523e+00 -7.57445651e-01 -9.54591752e-01 -1.32479613e+00 5.13638143e-01
 6.19468640e-01 -1.04313983e+00 -7.65623579e-01 -9.63391348e-01 -1.36742877e+00 4.57269286e-01
 5.71868958e-01 -1.06509075e+00 -7.76903634e-01 -9.72173477e-01 -1.37375091e+00 4.78373432e-01
