 2.05009213e+01 2.07186476e+01 2.06593303e+01 2.05765598e+01 2.06442316e+01 2.05182266e+01
 2.04009085e+01 2.06989672e+01 2.06136871e+01 2.05699320e+01 2.05782889e+01 2.04146711e+01
 2.04113465e+01 2.07222697e+01 2.06202573e+01 2.06137437e+01 2.06022502e+01 2.04508266e+01
 2.05061368e+01 2.07736717e+01 2.07032026e+01 2.06830696e+01 2.06814579e+01 2.05543582e+01
 2.06675851e+01 2.08189378e+01 2.07646989e+01 2.07485165e+01 2.07472255e+01 2.06536211e+01
 2.08365522e+01 2.08954330e+01 2.08740325e+01 2.08665740e+01 2.08628369e+01 2.08293625e+01
 2.09328115e+01 2.09508459e+01 2.09396752e+01 2.09406618e+01 2.09408300e+01 2.09278664e+01
 2.10066365e+01 2.10089884e+01 2.10017084e+01 2.09933442e+01 2.10014809e+01 2.10023374e+01
 2.10923511e+01 2.10522341e+01 2.10695707e+01 2.10676469e+01 2.10761576e+01 2.10838230e+01
 2.11335242e+01 2.10932796e+01 2.11162371e+01 2.11331660e+01 2.11200062e+01 2.11586535e+01
 1.01827872e+01 6.63848946e+00 6.66077563e+00 6.17785743e+00 4.90442455e+00 5.54440480e+00
 6.98597763e+00 3.77226840e+00 3.84889179e+00 3.34544705e+00 2.60266289e+00 3.91090650e+00
 6.52425400e+00 2.71937713e+00 2.58634011e+00 2.09962205e+00 1.72849113e+00 3.77943481e+00
 6.50389831e+00 2.17323836e+00 1.93290807e+00 1.47030037e+00 1.37650087e+00 3.66936989e+00
 6.49542641e+00 1.79973729e+00 1.61479613e+00 1.14584576e+00 1.32869295e+00 3.62254577e+00
 6.47398516e+00 1.41817195e+00 1.43197880e+00 9.57263001e-01 1.42238925e+00 3.66237245e+00
 6.42462228e+00 1.13534307e+00 1.30923713e+00 8.33494149e-01 1.47779437e+00 3.66152002e+00
 6.38545366e+00 9.33815530e-01 1.22853830e+00 7.47038165e-01 1.47694767e+00 3.63506455e+00
 6.31732616e+00 7.88472231e-01 1.16436029e+00 6.80190831e-01 1.48239268e+00 3.63535413e+00
 6.26805352e+00 7.24231160e-01 1.05045086e+00 6.24005065e-01 1.42059057e+00 3.62306617e+00
 6.28822060e+00 6.80890464e-01 8.17642976e-01 5.29166121e-01 1.36163384e+00 3.60673871e+00
 6.35335540e+00 5.34124399e-01 6.11755142e-01 4.23771630e-01 1.44726260e+00 3.59332566e+00
 6.40466358e+00 2.72460498e-01 4.85992687e-01 3.45582302e-01 1.48299796e+00 3.58058794e+00
 6.36732582e+00 9.20790698e-02 4.01085325e-01 2.82310318e-01 1.48396654e+00 3.59221217e+00
 6.33213972e+00 4.42175448e-03 3.43657640e-01 2.28417768e-01 1.99238512e+00 3.44795244e+00
 6.34560920e+00 3.60852163e-02 2.88534376e-01 1.68437702e-01 3.13877281e+00 2.83183671e+00
 6.34164401e+00 2.67031783e-01 2.58399681e-01 1.43299072e-01 3.65158744e+00 2.73453370e+00
 6.40547118e+00 5.22560034e-01 2.30844107e-01 1.29086898e-01 3.87750968e+00 2.73270559e+00
 6.51601943e+00 7.42513262e-01 2.06948203e-01 1.44340501e-01 3.97474467e+00 2.72026294e+00
 6.57585525e+00 9.67865237e-01 1.96272642e-01 1.27961969e-01 4.09032343e+00 2.62516261e+00
 6.73146805e+00 1.25372250e+00 6.52642114e-01 1.14826844e-01 3.61835507e+00 2.62721582e+00
 6.83103008e+00 1.62862404e+00 2.72984944e+00 1.51983959e-01 3.19774940e+00 2.61779613e+00
 6.85232584e+00 1.99394021e+00 3.60085768e+00 1.90981733e-01 2.96949203e+00 2.57185302e+00
 6.84494460e+00 2.61433294e+00 3.54414776e+00 2.18461676e-01 2.78517856e+00 2.49032310e+00
 6.80396263e+00 3.86680232e+00 3.06416124e+00 2.41043980e-01 2.64706341e+00 2.41170241e+00
 6.76773580e+00 4.37716229e+00 2.80084088e+00 2.48209265e-01 2.54277609e+00 2.36057984e+00
 6.76313810e+00 4.59095001e+00 2.70079244e+00 2.39718138e-01 2.47050840e+00 2.32387273e+00
 6.71988536e+00 4.62689738e+00 2.66817563e+00 2.16525500e-01 2.38061214e+00 2.26336168e+00
 6.67215754e+00 4.61883222e+00 2.67071415e+00 1.89055608e-01 2.32383713e+00 2.27004489e+00
 6.67703433e+00 4.54342866e+00 2.68064727e+00 1.69222499e-01 2.29615087e+00 2.27958522e+00
 6.60584046e+00 4.46181386e+00 2.66633007e+00 1.57027781e-01 2.25877385e+00 2.26511980e+00
 6.29259962e+00 4.39396134e+00 2.63951524e+00 1.41216836e-01 2.23311026e+00 2.25322130e+00
 6.17222551e+00 4.33850397e+00 2.60778467e+00 1.26318276e-01 2.20403295e+00 2.22969231e+00
 6.15692182e+00 4.29498688e+00 2.56406090e+00 1.17762105e-01 2.21240533e+00 2.24709637e+00
 6.18193446e+00 4.31367611e+00 2.53530645e+00 1.20094221e-01 2.24029722e+00 2.28307809e+00
 6.19531914e+00 4.29774824e+00 2.50342431e+00 1.14654233e-01 2.23229712e+00 2.28628411e+00
 6.15861161e+00 4.29469170e+00 2.48177463e+00 1.13100988e-01 2.25143156e+00 2.31679928e+00
 6.11475218e+00 4.31526029e+00 2.48267053e+00 1.12497073e-01 2.28876846e+00 2.32767830e+00
 6.09593864e+00 4.32539994e+00 2.48244655e+00 1.09133679e-01 2.27007458e+00 2.29085524e+00
 6.11868840e+00 4.27473296e+00 2.48099083e+00 1.04135703e-01 2.27102851e+00 2.29340677e+00
 6.09835181e+00 4.06935236e+00 2.47629007e+00 1.02068971e-01 2.28043861e+00 2.30479575e+00
 5.95844636e+00 3.77531198e+00 2.44548761e+00 1.02585578e-01 2.28234949e+00 2.31365963e+00
 5.45182641e+00 3.33602526e+00 2.36079455e+00 9.81100179e-02 2.28712900e+00 2.31079492e+00
 5.07603615e+00 3.10322802e+00 2.29623756e+00 9.72497726e-02 2.32150280e+00 2.34201621e+00
 4.93166969e+00 3.04757743e+00 2.25346667e+00 1.00605531e-01 2.36108740e+00 2.37503445e+00
 4.83376001e+00 2.98177386e+00 2.19996697e+00 1.00949833e-01 2.39867876e+00 2.37734087e+00
 4.74338842e+00 2.93792855e+00 2.15839616e+00 1.01294158e-01 2.41541476e+00 2.37095947e+00
 4.65225416e+00 2.89672034e+00 2.11478834e+00 9.76798775e-02 2.41334142e+00 2.36038537e+00
 4.58049863e+00 2.85984016e+00 2.07034198e+00 9.80239870e-02 2.39573608e+00 2.33121159e+00
 4.52218328e+00 2.82075183e+00 2.04026763e+00 9.77659028e-02 2.39135214e+00 2.32745248e+00
 4.49964127e+00 2.80743770e+00 2.02788499e+00 9.88843599e-02 2.40402599e+00 2.34046474e+00
 4.50013739e+00 2.83380846e+00 2.03121226e+00 9.71637558e-02 2.41725207e+00 2.35312903e+00
 4.47181485e+00 2.81356859e+00 2.00288575e+00 8.81398689e-02 2.38887006e+00 2.33134070e+00
 4.43709407e+00 2.78122465e+00 1.98376619e+00 9.19194099e-02 2.40163659e+00 2.35847337e+00
 4.42176783e+00 2.75944318e+00 1.96902916e+00 9.42400284e-02 2.42226539e+00 2.36135778e+00
 4.43483235e+00 2.76981264e+00 1.96923502e+00 9.28647226e-02 2.41068455e+00 2.34082026e+00
 4.43809405e+00 2.78211087e+00 1.96100612e+00 9.11460994e-02 2.39576383e+00 2.31501192e+00
 4.42705295e+00 2.79107796e+00 1.95237800e+00 8.86550998e-02 2.38255103e+00 2.30770623e+00
 4.43057310e+00 2.79035959e+00 1.94345491e+00 8.32477098e-02 2.38740065e+00 2.31468992e+00
 4.42962330e+00 2.75273040e+00 1.91645968e+00 7.72460623e-02 2.35867139e+00 2.29106382e+00
 4.45079451e+00 2.71380398e+00 1.88989147e+00 7.17648783e-02 2.34958098e+00 2.29069480e+00
 4.44263669e+00 2.65121301e+00 1.85475274e+00 6.84276053e-02 2.34185184e+00 2.29594317e+00
 4.43003268e+00 2.63053257e+00 1.83137558e+00 6.68880459e-02 2.35742920e+00 2.30264181e+00
 4.46494927e+00 2.68116778e+00 1.85495467e+00 7.75888277e-02 2.39307208e+00 2.30738457e+00
 4.47048073e+00 2.70022467e+00 1.86627384e+00 8.37624580e-02 2.39541690e+00 2.31881263e+00
 4.47918173e+00 2.71128363e+00 1.86829740e+00 8.32477098e-02 2.38532182e+00 2.32034317e+00
 4.47237493e+00 2.72701980e+00 1.87416967e+00 8.53928292e-02 2.40280340e+00 2.33423003e+00
 4.48853728e+00 2.77444822e+00 1.90697917e+00 9.23490763e-02 2.45720846e+00 2.36800619e+00
 4.50798063e+00 2.81659368e+00 1.92983970e+00 9.55297065e-02 2.50776842e+00 2.38639525e+00
 4.54331574e+00 2.86338403e+00 1.94909439e+00 9.86262332e-02 2.52426066e+00 2.38067191e+00
 4.52631514e+00 2.86446605e+00 1.94683795e+00 9.69917265e-02 2.54245009e+00 2.39262798e+00
 4.54507960e+00 2.88635676e+00 1.95165955e+00 9.72497726e-02 2.56212240e+00 2.42371172e+00
 4.56332613e+00 2.90996556e+00 1.95504727e+00 9.92285487e-02 2.56948891e+00 2.42762123e+00
 4.56978605e+00 2.94319777e+00 1.96265099e+00 9.53577310e-02 2.56470975e+00 2.42202754e+00
 4.54196818e+00 2.92865242e+00 1.95566343e+00 9.02010976e-02 2.55083173e+00 2.40406639e+00
 4.48795942e+00 2.88494281e+00 1.93331731e+00 8.37624580e-02 2.52435962e+00 2.37345937e+00
 4.46308995e+00 2.86331285e+00 1.91941907e+00 8.15322488e-02 2.51286160e+00 2.36547580e+00
 4.47964345e+00 2.85533114e+00 1.90769223e+00 8.17037695e-02 2.49815654e+00 2.38273632e+00
 4.47240788e+00 2.84342568e+00 1.91187044e+00 8.90844977e-02 2.54388177e+00 2.41282893e+00
 4.44805230e+00 2.83993468e+00 1.91136075e+00 8.86550998e-02 2.55338651e+00 2.41109840e+00
 4.42099912e+00 2.81533542e+00 1.89995504e+00 8.80540020e-02 2.54586677e+00 2.41769632e+00
 4.39745477e+00 2.78957089e+00 1.88745439e+00 8.65944812e-02 2.54335726e+00 2.41759828e+00
 4.40781313e+00 2.79600995e+00 1.89924291e+00 8.47062950e-02 2.53393692e+00 2.40912350e+00
 4.39678648e+00 2.77844016e+00 1.88836817e+00 7.75031342e-02 2.48620952e+00 2.36923927e+00
 4.37101601e+00 2.74848754e+00 1.86414984e+00 6.71446076e-02 2.44619819e+00 2.36891476e+00
 4.37051260e+00 2.72646165e+00 1.85122007e+00 6.85131497e-02 2.46090578e+00 2.40920510e+00
 4.38413355e+00 2.71689651e+00 1.84940409e+00 6.74011818e-02 2.46470319e+00 2.41122899e+00
 4.38525625e+00 2.70043316e+00 1.83207957e+00 6.53489412e-02 2.47796131e+00 2.42000052e+00
 4.38740453e+00 2.69179305e+00 1.82253260e+00 6.02218739e-02 2.49876218e+00 2.44406833e+00
 4.34517742e+00 2.65837845e+00 1.81480587e+00 5.82578356e-02 2.49649483e+00 2.44028077e+00
 4.32690126e+00 2.65409760e+00 1.81199867e+00 6.16740307e-02 2.50005813e+00 2.43839595e+00
 4.33717274e+00 2.66927232e+00 1.81470559e+00 5.99656530e-02 2.49672013e+00 2.44580704e+00
 4.35345038e+00 2.67266296e+00 1.81610967e+00 6.05635214e-02 2.47370754e+00 2.43710145e+00
 4.35720961e+00 2.68328873e+00 1.82002281e+00 6.23575387e-02 2.49411562e+00 2.46897613e+00
 4.32686899e+00 2.67123730e+00 1.81380315e+00 6.26138773e-02 2.49322890e+00 2.48093564e+00
 4.28716811e+00 2.63194965e+00 1.80048313e+00 5.43319804e-02 2.46463311e+00 2.45836801e+00
 4.26187489e+00 2.59287600e+00 1.78230457e+00 4.99828607e-02 2.45432480e+00 2.46400723e+00
 4.25228766e+00 2.58408557e+00 1.77911415e+00 5.03238368e-02 2.45289741e+00 2.48022673e+00
 4.26848173e+00 2.58735159e+00 1.78240430e+00 5.19437784e-02 2.45820263e+00 2.49775616e+00
 4.25471519e+00 2.55151250e+00 1.75454643e+00 4.41045390e-02 2.41160251e+00 2.46104731e+00
 4.24532916e+00 2.54530208e+00 1.73908295e+00 4.44451299e-02 2.41676486e+00 2.47058931e+00
 4.22906117e+00 2.52173593e+00 1.71409108e+00 3.48320165e-02 2.37147897e+00 2.42688496e+00
 4.20172519e+00 2.46959828e+00 1.67567690e+00 2.81218934e-02 2.32988262e+00 2.41207790e+00
 4.17722824e+00 2.44815807e+00 1.66432901e+00 2.78672495e-02 2.34781671e+00 2.43778964e+00
 4.16247357e+00 2.42864184e+00 1.64968783e+00 2.26074023e-02 2.32273852e+00 2.41612793e+00
 4.16386091e+00 2.40657485e+00 1.63809874e+00 2.34554042e-02 2.32067910e+00 2.43705230e+00
 4.15525754e+00 2.36597808e+00 1.61624979e+00 1.87931078e-02 2.28767544e+00 2.40108278e+00
 4.13232004e+00 2.35748182e+00 1.61634672e+00 1.77764361e-02 2.29177515e+00 2.42966683e+00
 4.12469623e+00 2.37339977e+00 1.61906125e+00 1.61671134e-02 2.28904174e+00 2.42438223e+00
 4.09314511e+00 2.36453704e+00 1.60898512e+00 1.54896533e-02 2.29150176e+00 2.44693906e+00
 4.05715540e+00 2.33191378e+00 1.58387144e+00 1.12575317e-02 2.28986165e+00 2.45196157e+00
 4.02798163e+00 2.28943255e+00 1.56174633e+00 7.36702953e-03 2.30436287e+00 2.45695481e+00
 4.02751783e+00 2.25190069e+00 1.53750659e+00 3.54593861e-04 2.25659753e+00 2.38405332e+00
 4.03494238e+00 2.24086453e+00 1.52356485e+00 -8.33439915e-03 2.21375668e+00 2.38631392e+00
 4.02852277e+00 2.25203064e+00 1.53588149e+00 -2.76837404e-03 2.26912079e+00 2.47353679e+00
 4.03139925e+00 2.26529889e+00 1.55694776e+00 2.63470584e-03 2.30545855e+00 2.47620541e+00
 4.01500702e+00 2.27194310e+00 1.56097829e+00 3.81738149e-03 2.29902395e+00 2.46489546e+00
 3.97991303e+00 2.22764566e+00 1.53196403e+00 3.31048743e-03 2.26353694e+00 2.44659452e+00
 3.93397784e+00 2.15528842e+00 1.49037518e+00 -2.68399427e-03 2.21524347e+00 2.40744283e+00
 3.90308945e+00 2.10503675e+00 1.47446689e+00 -7.06991909e-03 2.21957052e+00 2.43161479e+00
 3.90208754e+00 2.13126192e+00 1.49037518e+00 -1.58693207e-03 2.29273210e+00 2.50160793e+00
 3.91451558e+00 2.15784967e+00 1.50499677e+00 5.23456617e-04 2.31039125e+00 2.50910258e+00
 3.91650799e+00 2.15925878e+00 1.49644715e+00 -2.93712946e-03 2.27252780e+00 2.45803933e+00
 3.90152593e+00 2.12998640e+00 1.47352136e+00 -8.67154164e-03 2.23405905e+00 2.44095287e+00
 3.89160663e+00 2.10160732e+00 1.45219415e+00 -9.76710301e-03 2.24124700e+00 2.45439204e+00
 3.87300516e+00 2.09044253e+00 1.43949241e+00 -8.84010465e-03 2.21213510e+00 2.43747831e+00
 3.81446109e+00 2.05706334e+00 1.41969667e+00 -1.98690321e-02 2.16567879e+00 2.41279628e+00
 3.79925314e+00 2.05454163e+00 1.41389299e+00 -2.02895177e-02 2.17843952e+00 2.44024799e+00
 3.79702571e+00 2.07196152e+00 1.41623247e+00 -1.94485123e-02 2.19823233e+00 2.43448042e+00
 3.77365943e+00 2.05353323e+00 1.39987632e+00 -2.55847058e-02 2.15883815e+00 2.39997444e+00
 3.75010640e+00 2.02310321e+00 1.38347415e+00 -2.95315515e-02 2.15588942e+00 2.43022333e+00
 3.72429852e+00 2.01445316e+00 1.37724259e+00 -2.74325411e-02 2.18059105e+00 2.45846662e+00
 3.69334708e+00 1.99019492e+00 1.36229626e+00 -2.76004933e-02 2.18772286e+00 2.47795209e+00
 3.66203932e+00 1.95621288e+00 1.34018147e+00 -3.07066247e-02 2.18328142e+00 2.47595827e+00
 3.63234998e+00 1.93279204e+00 1.32846527e+00 -3.32237382e-02 2.18355051e+00 2.47068809e+00
