 2.08010225e+01 2.10741234e+01 2.11301389e+01 2.11141220e+01 2.10750290e+01 2.10902697e+01
 2.13026626e+01 2.11884299e+01 2.11767311e+01 2.11593579e+01 2.11633983e+01 2.11615124e+01
 2.09251239e+01 2.12315723e+01 2.12632313e+01 2.12255681e+01 2.12115764e+01 2.12234168e+01
 2.14944336e+01 2.12757699e+01 2.12899762e+01 2.12813808e+01 2.12676879e+01 2.12598330e+01
 2.14302845e+01 2.13703070e+01 2.13228147e+01 2.13479148e+01 2.13274814e+01 2.13083616e+01
 1.14477912e+01 9.61335445e+00 9.20322088e+00 8.76776974e+00 1.02716138e+01 1.11521656e+01
 4.39796500e+00 4.29224870e+00 4.19400792e+00 4.12363161e+00 4.45902862e+00 5.04928592e+00
 2.48010701e+00 2.96008838e+00 2.86903039e+00 2.88957071e+00 2.86958105e+00 3.36151963e+00
 1.92747733e+00 2.29331723e+00 2.17556037e+00 2.27778961e+00 2.11123707e+00 2.56933035e+00
 1.14277956e+00 1.89852610e+00 1.81325836e+00 1.91628103e+00 1.67086585e+00 2.08698221e+00
 9.70113837e-01 1.62597887e+00 1.52558901e+00 1.67195972e+00 1.36382730e+00 1.81040504e+00
 6.00718607e-01 1.42860782e+00 1.32487591e+00 1.46636280e+00 1.15426814e+00 1.55436153e+00
 5.19677499e-01 1.26741856e+00 1.18826038e+00 1.34612325e+00 9.85410189e-01 1.37546707e+00
 2.70411985e-01 1.14794131e+00 1.05594307e+00 1.21771362e+00 8.65629001e-01 1.23252453e+00
 1.59757894e-01 1.06379574e+00 9.64444013e-01 1.12817521e+00 7.50757967e-01 1.12691836e+00
 2.14882128e-01 9.90590974e-01 8.84839196e-01 1.05915018e+00 6.63794096e-01 1.05491567e+00
 1.37820781e-01 9.11815988e-01 8.26707315e-01 9.96068624e-01 5.98182910e-01 9.79475376e-01
 5.07086480e-02 8.64443723e-01 7.74495718e-01 9.52375980e-01 5.40285173e-01 9.07791698e-01
 7.23917878e-02 8.15400442e-01 7.20325758e-01 8.94880189e-01 4.86052947e-01 8.38519945e-01
 -1.09931686e-01 7.64529822e-01 6.78698820e-01 8.57219026e-01 4.22733104e-01 8.01969361e-01
 -9.93299626e-02 7.38681178e-01 6.37466845e-01 8.35769019e-01 3.95689698e-01 7.39586002e-01
 -2.67151716e-01 6.86420897e-01 5.89454840e-01 7.83026712e-01 3.81277817e-01 7.06112448e-01
 -2.67151716e-01 6.75752345e-01 5.91279912e-01 7.62962844e-01 3.46717573e-01 6.77856138e-01
 -3.59887141e-01 6.65947918e-01 5.56690184e-01 7.59678098e-01 3.19614387e-01 6.76916386e-01
 -2.35976080e-01 6.25370398e-01 5.34565090e-01 7.24269844e-01 2.79693146e-01 6.18631803e-01
 -2.04667120e-01 5.95358399e-01 5.38496077e-01 7.10630238e-01 2.62001518e-01 6.05900682e-01
 -3.90537906e-01 5.95308695e-01 5.26399935e-01 6.98083618e-01 2.66789944e-01 5.96540601e-01
 -2.87861824e-01 5.55242356e-01 4.80048216e-01 6.63803986e-01 2.19873477e-01 5.73156317e-01
 -3.18817138e-01 5.47484046e-01 4.75005559e-01 6.58300467e-01 2.20724230e-01 5.69014985e-01
 -4.31204840e-01 5.51862831e-01 4.74236032e-01 6.38777938e-01 1.99430540e-01 5.31241116e-01
 -3.70118463e-01 5.30314602e-01 4.55012076e-01 6.39864066e-01 1.81068851e-01 5.17953414e-01
 -4.61555530e-01 5.38158082e-01 4.54950700e-01 6.34178721e-01 1.63966032e-01 5.13378856e-01
 -3.39381144e-01 5.24917584e-01 4.24472537e-01 6.16254063e-01 1.57885560e-01 4.92021527e-01
 -4.21059525e-01 4.96243785e-01 4.14050143e-01 5.91696184e-01 1.82388767e-01 5.08584146e-01
 -4.91778963e-01 5.12390984e-01 4.15239553e-01 5.90016715e-01 1.52882350e-01 4.73064582e-01
 -4.00726088e-01 4.67723798e-01 3.87839626e-01 5.63787118e-01 1.24308610e-01 4.46522486e-01
 -5.71758694e-01 4.70648879e-01 3.61515791e-01 5.75391019e-01 1.13976741e-01 4.51427732e-01
 -4.91778963e-01 4.40860952e-01 3.73777786e-01 5.64813285e-01 1.05535546e-01 4.49121008e-01
 -5.01825299e-01 4.36105912e-01 3.62998101e-01 5.52096958e-01 7.43247481e-02 4.19558004e-01
 -5.31880298e-01 4.31326669e-01 3.50643346e-01 5.55331000e-01 8.11795599e-02 4.29544120e-01
 -5.81693676e-01 4.24434160e-01 3.52130706e-01 5.46789426e-01 7.00339208e-02 4.10403697e-01
 -5.01825299e-01 4.16388363e-01 3.73595956e-01 5.23614992e-01 8.44360753e-02 4.09466999e-01
 -6.01522302e-01 4.16381456e-01 3.40738897e-01 5.23265788e-01 6.12468823e-02 3.96197834e-01
 -5.11857615e-01 3.98811001e-01 3.30082070e-01 5.17830071e-01 6.76471530e-02 3.89778822e-01
 -5.91614869e-01 4.10988649e-01 3.46854772e-01 5.33963241e-01 5.16488607e-02 4.06118726e-01
 -5.61809894e-01 4.00905629e-01 3.31813073e-01 5.22161068e-01 4.53647233e-02 4.01581528e-01
 -5.61809894e-01 4.21861734e-01 3.34003837e-01 5.09200599e-01 4.28552798e-02 3.74052622e-01
 -5.71758694e-01 3.76007106e-01 3.32595941e-01 5.19975141e-01 3.06043227e-02 3.67035832e-01
 -5.51847247e-01 4.13784612e-01 3.35833809e-01 4.98047033e-01 3.63477980e-02 3.53799277e-01
 -5.81693676e-01 3.82490713e-01 3.03933019e-01 4.98788037e-01 2.63673098e-02 3.41180092e-01
 -4.81718575e-01 3.71594570e-01 2.85739724e-01 5.04976266e-01 2.38714601e-02 3.45540544e-01
 -6.11416003e-01 3.90638812e-01 2.95567120e-01 4.70798418e-01 1.82452519e-02 3.53771144e-01
 -6.21296001e-01 3.64443494e-01 2.85948979e-01 4.66840082e-01 2.76687856e-02 3.23922473e-01
 -5.41870725e-01 3.77750994e-01 3.17031781e-01 4.84491993e-01 1.82889925e-02 3.70645506e-01
 -4.51452812e-01 3.50404458e-01 2.89036279e-01 4.79586753e-01 9.28467371e-03 3.41243266e-01
 -5.31880298e-01 3.82442612e-01 2.79666845e-01 4.59141002e-01 -7.90857805e-03 3.40499264e-01
 -5.81693676e-01 3.53817278e-01 2.71832158e-01 4.53431390e-01 2.67940129e-04 3.16772574e-01
 -4.91778963e-01 3.71820956e-01 2.96001249e-01 4.76246976e-01 -1.17132882e-03 3.35672412e-01
 -6.50854060e-01 3.52695430e-01 2.77569193e-01 4.87136749e-01 9.51555730e-03 3.19611970e-01
 -6.80289810e-01 3.63011491e-01 2.82362701e-01 4.57120207e-01 2.03388807e-02 3.38541417e-01
 -5.61809894e-01 3.70689105e-01 2.90711370e-01 4.80700441e-01 -2.52610393e-02 3.37229509e-01
 -6.80289810e-01 3.27001361e-01 2.78054354e-01 4.76547931e-01 2.34274372e-02 3.14563490e-01
 -6.99846068e-01 3.46474097e-01 2.64319875e-01 4.70894858e-01 -3.24005793e-04 3.33309449e-01
 -6.41015002e-01 3.34642859e-01 2.62160236e-01 4.63734289e-01 -2.41871871e-02 3.09742559e-01
 -5.91614869e-01 3.42286638e-01 2.38200053e-01 4.63853276e-01 -3.31883587e-02 3.07117061e-01
 -7.19348526e-01 3.45818132e-01 2.45785645e-01 4.47524008e-01 -2.73523657e-02 3.02525082e-01
 -6.60679529e-01 3.23623191e-01 2.73189484e-01 4.43942953e-01 -1.73861150e-02 3.00809187e-01
 -5.41870725e-01 3.50069430e-01 2.66003409e-01 4.44806948e-01 -3.48804913e-02 3.08932448e-01
 -6.70491437e-01 3.11344651e-01 2.49336601e-01 4.25389864e-01 -3.28907950e-02 3.17828456e-01
 -4.81718575e-01 3.14124819e-01 2.66301426e-01 4.57493746e-01 -3.86288743e-02 2.92668582e-01
 -6.80289810e-01 3.17137463e-01 2.50637131e-01 4.34233329e-01 -4.73748824e-02 3.05176574e-01
 -6.01522302e-01 3.40429454e-01 2.56682496e-01 4.35067681e-01 -4.63789439e-02 2.93051678e-01
 -5.41870725e-01 3.18498037e-01 2.62741033e-01 4.36663433e-01 -5.90918805e-02 2.98989178e-01
 -7.48501823e-01 3.34881590e-01 2.54138730e-01 4.44897307e-01 -4.89705374e-02 3.12124614e-01
 -4.61555530e-01 2.90514844e-01 2.35070470e-01 4.25660036e-01 -4.68552815e-02 2.77489002e-01
 -6.21296001e-01 3.08660793e-01 2.52153511e-01 4.34340435e-01 -5.88757787e-02 2.90447087e-01
 -5.81693676e-01 3.00704160e-01 2.58259842e-01 4.36900296e-01 -5.16352659e-02 2.80352355e-01
 -7.48501823e-01 3.12690401e-01 2.33921364e-01 4.29201592e-01 -6.32026065e-02 2.89931869e-01
 -5.51847247e-01 3.19600314e-01 2.23263085e-01 4.28441297e-01 -3.36532745e-02 2.70683375e-01
 -6.90074678e-01 3.05434857e-01 2.44619757e-01 4.27422096e-01 -5.25747681e-02 3.00878930e-01
 -6.90074678e-01 2.95604084e-01 2.64386910e-01 4.24860813e-01 -6.63055145e-02 2.97622776e-01
 -5.91614869e-01 2.92194998e-01 2.47664880e-01 4.25299809e-01 -6.19560871e-02 2.91025018e-01
 -7.58192928e-01 3.02312341e-01 2.43587716e-01 4.29297340e-01 -4.71398301e-02 2.88783223e-01
 -5.11857615e-01 3.10264178e-01 2.48972500e-01 4.41464628e-01 -7.48970129e-02 2.70683375e-01
 -6.80289810e-01 3.06181771e-01 2.27327276e-01 4.32029643e-01 -4.54509124e-02 2.79810164e-01
 -6.99846068e-01 2.91456489e-01 2.59212391e-01 4.13121638e-01 -6.22646540e-02 2.94417084e-01
 -6.90074678e-01 2.87805849e-01 2.38348412e-01 4.16419458e-01 -4.95641686e-02 2.82201722e-01
 -7.77535312e-01 2.71049161e-01 2.18225310e-01 4.20214006e-01 -7.49709215e-02 2.61937226e-01
 -7.38797406e-01 2.90169383e-01 2.12689094e-01 4.12795892e-01 -7.17119781e-02 2.72085562e-01
 -6.50854060e-01 3.00548114e-01 2.38422593e-01 4.44501993e-01 -5.25315045e-02 2.76648314e-01
 -6.99846068e-01 2.78576796e-01 2.32038760e-01 4.10712672e-01 -4.45475000e-02 3.01660100e-01
 -6.11416003e-01 2.85463493e-01 2.27075502e-01 4.09966041e-01 -7.49462854e-02 2.81416022e-01
 -6.50854060e-01 2.84367078e-01 2.28756651e-01 4.27529076e-01 -7.00664777e-02 2.63635559e-01
 -8.06449730e-01 2.91659740e-01 2.11972472e-01 4.07429342e-01 -7.68368315e-02 2.62498665e-01
 -5.31880298e-01 2.71947416e-01 2.08885273e-01 4.28272357e-01 -7.70584878e-02 2.75425698e-01
 -7.09604008e-01 2.89092479e-01 2.22360283e-01 4.25164730e-01 -6.15302405e-02 2.62859121e-01
 -6.90074678e-01 2.90033914e-01 2.37280300e-01 4.03749751e-01 -6.30298361e-02 2.54283127e-01
 -4.31204840e-01 2.76602806e-01 2.09616317e-01 3.97120092e-01 -9.22360582e-02 2.66631297e-01
 -7.09604008e-01 2.91043232e-01 2.21287448e-01 4.06851446e-01 -8.32187049e-02 2.62214473e-01
 -6.41015002e-01 2.92052710e-01 2.19475135e-01 4.17751481e-01 -8.54880654e-02 2.69975460e-01
 -6.01522302e-01 2.85165683e-01 2.20259174e-01 4.07328347e-01 -9.45759188e-02 2.62574913e-01
 -6.90074678e-01 2.80977503e-01 2.13494466e-01 4.06279217e-01 -8.98093180e-02 2.57842328e-01
 -6.31162325e-01 2.85883159e-01 2.36546077e-01 3.92529207e-01 -8.00562540e-02 2.41358287e-01
 -5.61809894e-01 2.69415066e-01 2.11891211e-01 4.19786643e-01 -1.04889383e-01 2.46430982e-01
 -7.09604008e-01 2.74311849e-01 2.22426879e-01 3.83570759e-01 -7.61225537e-02 2.52988746e-01
 -7.96824776e-01 2.83791874e-01 1.96728301e-01 4.00817860e-01 -7.95146667e-02 2.24552537e-01
 -7.19348526e-01 2.66809483e-01 1.93162337e-01 3.82604172e-01 -6.15425843e-02 2.42525885e-01
 -6.99846068e-01 2.66202116e-01 2.16709579e-01 4.04136670e-01 -9.81608219e-02 2.31825327e-01
 -7.19348526e-01 2.62984037e-01 1.96757780e-01 3.99977249e-01 -1.06041793e-01 2.38077746e-01
 -7.77535312e-01 2.57024422e-01 1.98371970e-01 3.83816622e-01 -9.85474299e-02 2.40190907e-01
 -6.90074678e-01 2.59019329e-01 1.99993943e-01 3.85504422e-01 -1.04257923e-01 2.40121838e-01
 -7.58192928e-01 2.85537948e-01 2.04973033e-01 3.93144845e-01 -1.05802746e-01 2.45324866e-01
 -7.29079650e-01 2.52302482e-01 2.16066426e-01 3.64860222e-01 -1.06446313e-01 2.14997084e-01
 -6.99846068e-01 2.91923975e-01 1.96971507e-01 3.92719488e-01 -1.02369299e-01 2.40453376e-01
 -7.58192928e-01 2.36814037e-01 1.80182628e-01 3.70555061e-01 -8.19083840e-02 2.36393254e-01
 -7.09604008e-01 2.47274532e-01 1.66855282e-01 3.82257804e-01 -1.19634389e-01 2.26206265e-01
 -6.99846068e-01 2.52524692e-01 1.83292693e-01 3.72913779e-01 -1.07432990e-01 2.23305641e-01
 -7.09604008e-01 2.61372235e-01 1.99013337e-01 3.71458285e-01 -9.05773730e-02 2.16338644e-01
 -7.19348526e-01 2.39172199e-01 1.88626727e-01 3.82721494e-01 -1.13760046e-01 2.26943693e-01
 -6.01522302e-01 2.54154467e-01 1.77889654e-01 3.90721853e-01 -1.09712184e-01 2.17109311e-01
 -8.16061536e-01 2.40422177e-01 1.61187714e-01 3.71781696e-01 -1.09289492e-01 2.21673343e-01
 -6.50854060e-01 2.62761463e-01 1.82064661e-01 3.80006926e-01 -1.17554508e-01 2.17680492e-01
 -7.77535312e-01 2.49468304e-01 1.84844619e-01 3.76584824e-01 -1.52467994e-01 2.32908354e-01
 -7.96824776e-01 2.56478627e-01 1.81373537e-01 3.84135142e-01 -1.44254051e-01 2.21026052e-01
 -7.67870749e-01 2.37411893e-01 1.79374113e-01 3.97713816e-01 -1.13962066e-01 2.15354805e-01
 -8.06449730e-01 2.52517958e-01 1.84300299e-01 3.66286187e-01 -1.20710768e-01 2.29756371e-01
 -5.51847247e-01 2.42257267e-01 1.81094168e-01 3.76629472e-01 -1.31397466e-01 2.42415334e-01
 -7.77535312e-01 2.48566478e-01 1.99175532e-01 3.79850570e-01 -1.21634108e-01 2.21873053e-01
 -6.80289810e-01 2.52161080e-01 2.00487989e-01 3.86320556e-01 -1.30878513e-01 2.31714965e-01
 -6.70491437e-01 2.75798512e-01 1.80153225e-01 3.77622962e-01 -1.12057928e-01 2.29921862e-01
 -7.48501823e-01 2.43353196e-01 1.83653059e-01 3.70789217e-01 -1.21634108e-01 2.31445967e-01
 -6.21296001e-01 2.57469178e-01 1.76765517e-01 3.82531545e-01 -1.18043953e-01 2.30121837e-01
 -7.96824776e-01 2.61891474e-01 1.84072287e-01 4.01894021e-01 -1.08664591e-01 2.33073929e-01
 -7.29079650e-01 2.54248764e-01 1.79307966e-01 3.65439478e-01 -1.10833104e-01 2.15939585e-01
 -8.25660219e-01 2.50471230e-01 2.06877182e-01 3.53998895e-01 -1.17884887e-01 2.14274825e-01
 -7.96824776e-01 2.37653738e-01 2.05976699e-01 3.81721535e-01 -1.08480785e-01 2.40474098e-01
 -6.31162325e-01 2.45108418e-01 1.89392252e-01 3.86460317e-01 -1.18680175e-01 2.32770379e-01
 -7.38797406e-01 2.43420437e-01 1.81902901e-01 3.73248427e-01 -1.41505597e-01 2.23422743e-01
 -6.11416003e-01 2.39629152e-01 2.03903122e-01 4.03390892e-01 -1.13821265e-01 2.33108425e-01
 -5.21875938e-01 2.28510318e-01 1.84932892e-01 4.13660846e-01 -1.01535185e-01 2.38057032e-01
 -5.21875938e-01 2.30878828e-01 1.67214716e-01 3.56678927e-01 -1.29645068e-01 2.38567991e-01
 -7.96824776e-01 2.53588713e-01 1.76229235e-01 3.62894532e-01 -1.15155690e-01 2.17095548e-01
 -7.19348526e-01 2.48344406e-01 1.99035454e-01 3.88176855e-01 -1.31263153e-01 2.16269839e-01
 -6.21296001e-01 2.24238494e-01 1.97870716e-01 3.66659448e-01 -1.26878112e-01 2.26413012e-01
 -7.19348526e-01 2.40832170e-01 1.67060670e-01 3.58987429e-01 -1.48639381e-01 1.79725233e-01
 -7.29079650e-01 2.45485081e-01 1.75788489e-01 3.85454116e-01 -1.19304100e-01 2.31983975e-01
 -6.99846068e-01 2.33980023e-01 1.69048882e-01 3.64487079e-01 -1.37627719e-01 2.21535616e-01
 -7.77535312e-01 2.37505943e-01 1.75839907e-01 3.72902624e-01 -1.12590654e-01 2.08657828e-01
 -7.77535312e-01 2.38110582e-01 1.83270631e-01 3.58208553e-01 -1.26004410e-01 2.11448505e-01
 -5.91614869e-01 2.39064686e-01 1.69415779e-01 3.72768771e-01 -1.34888620e-01 2.15719426e-01
 -6.60679529e-01 2.37875438e-01 1.82866164e-01 3.76981081e-01 -1.36846982e-01 2.30411466e-01
 -8.25660219e-01 2.40677579e-01 1.91976581e-01 3.84442503e-01 -1.29107652e-01 2.27770820e-01
 -6.99846068e-01 2.28020623e-01 1.95659775e-01 3.65701276e-01 -1.10251230e-01 2.07888207e-01
 -6.50854060e-01 2.32785012e-01 2.01195944e-01 3.59076450e-01 -1.30561015e-01 2.31708068e-01
 -7.29079650e-01 2.50276017e-01 1.79535808e-01 3.78705952e-01 -1.38792549e-01 2.39127331e-01
 -6.41015002e-01 2.27363283e-01 1.88899067e-01 3.62282132e-01 -9.90260551e-02 2.25103731e-01
 -7.19348526e-01 2.48721260e-01 1.67346758e-01 3.70543911e-01 -1.21028755e-01 2.34419389e-01
 -7.67870749e-01 2.68780448e-01 1.84888755e-01 3.83302557e-01 -1.06427926e-01 2.29970132e-01
 -5.61809894e-01 2.35645357e-01 1.83027948e-01 3.53759866e-01 -1.27824998e-01 2.20337518e-01
 -7.58192928e-01 2.36679695e-01 1.79756307e-01 3.61458279e-01 -1.01351175e-01 2.15526793e-01
 -6.31162325e-01 2.34154594e-01 1.94399883e-01 3.60267241e-01 -1.38018052e-01 2.19201604e-01
 -6.60679529e-01 2.33087100e-01 1.94716674e-01 3.66458887e-01 -1.35547575e-01 2.21418550e-01
 -7.38797406e-01 2.35564767e-01 1.63855899e-01 3.54932871e-01 -1.36450477e-01 2.30094254e-01
 -6.31162325e-01 2.35598346e-01 1.57714891e-01 3.72400689e-01 -1.29846588e-01 2.38685379e-01
 -7.19348526e-01 2.62060067e-01 1.89119891e-01 3.73103411e-01 -1.30090846e-01 2.17763077e-01
 -8.44818328e-01 2.31187538e-01 1.75950092e-01 3.67183167e-01 -1.26743704e-01 2.34350384e-01
 -7.09604008e-01 2.55535387e-01 1.85734757e-01 3.77271314e-01 -1.33283658e-01 2.13703957e-01
 -6.90074678e-01 2.30174222e-01 1.77617786e-01 3.73042059e-01 -1.46325276e-01 2.23925614e-01
 -8.35245808e-01 2.19212547e-01 1.97664329e-01 3.68654295e-01 -1.16808034e-01 2.26495712e-01
 -7.77535312e-01 2.55077293e-01 1.74084557e-01 3.70398963e-01 -1.40091298e-01 2.16077189e-01
 -7.29079650e-01 2.30744612e-01 1.68124396e-01 3.82822059e-01 -1.34919128e-01 2.20144742e-01
 -6.70491437e-01 2.37949339e-01 1.67823600e-01 3.44645299e-01 -1.41225200e-01 2.04886219e-01
 -5.71758694e-01 2.36169222e-01 1.74752855e-01 3.70555061e-01 -1.31189890e-01 2.13600793e-01
 -7.67870749e-01 2.46110659e-01 1.83513323e-01 3.71107015e-01 -1.19194000e-01 2.30632145e-01
 -7.48501823e-01 2.47227435e-01 1.69489161e-01 3.77488999e-01 -1.28051008e-01 2.31666683e-01
 -7.29079650e-01 2.47422554e-01 1.76956533e-01 3.89278617e-01 -1.09730562e-01 2.17363928e-01
 -6.99846068e-01 2.38856383e-01 1.74613314e-01 3.70861695e-01 -1.39957167e-01 1.89315647e-01
 -6.41015002e-01 2.34483607e-01 1.70039552e-01 3.66553595e-01 -1.23993830e-01 2.19057048e-01
 -5.41870725e-01 2.31013048e-01 1.70105602e-01 3.55811393e-01 -1.41938359e-01 2.27047078e-01
 -7.77535312e-01 2.32523213e-01 1.76199851e-01 3.74988914e-01 -1.31940795e-01 2.32190914e-01
 -6.60679529e-01 2.36417737e-01 1.70876238e-01 3.69813632e-01 -1.32575638e-01 2.17935132e-01
 -6.21296001e-01 2.40106300e-01 1.79124229e-01 3.62454711e-01 -1.48359297e-01 2.28315405e-01
 -7.87186645e-01 2.26303634e-01 1.70920277e-01 3.66815444e-01 -1.34565219e-01 2.27598493e-01
 -7.77535312e-01 2.19460401e-01 1.69613912e-01 3.65957515e-01 -1.34125855e-01 2.32832467e-01
 -8.25660219e-01 2.30697637e-01 1.87184257e-01 3.62421308e-01 -1.23058604e-01 2.14591233e-01
 -7.48501823e-01 2.34369458e-01 1.81866139e-01 3.69189345e-01 -1.35864825e-01 2.08382953e-01
 -8.25660219e-01 2.10108950e-01 1.55920612e-01 3.54677125e-01 -1.46562815e-01 2.19621524e-01
 -8.16061536e-01 2.22314763e-01 1.71771761e-01 3.64865792e-01 -1.38865725e-01 2.18217313e-01
 -5.91614869e-01 2.38574178e-01 1.44427309e-01 3.50192292e-01 -1.25350582e-01 2.04975502e-01
 -4.81718575e-01 2.06718515e-01 1.86875199e-01 3.69741166e-01 -1.47488523e-01 2.08211161e-01
 -6.21296001e-01 2.41652234e-01 1.57238809e-01 3.69908396e-01 -1.39944973e-01 2.03396067e-01
 -7.19348526e-01 2.55521913e-01 1.73291504e-01 3.63718592e-01 -1.45125266e-01 2.35413145e-01
 -8.06449730e-01 2.55326546e-01 1.57824762e-01 3.60768114e-01 -1.36328471e-01 2.29094450e-01
 -7.29079650e-01 2.20518911e-01 1.67200045e-01 3.45633259e-01 -1.44010334e-01 2.22499770e-01
 -7.87186645e-01 2.05862834e-01 1.65183080e-01 3.57969348e-01 -1.35279120e-01 2.28660103e-01
 -8.16061536e-01 2.33362349e-01 1.53848668e-01 3.85101988e-01 -1.55971994e-01 1.98543533e-01
 -5.51847247e-01 2.10677543e-01 1.73115283e-01 3.54204579e-01 -1.48651558e-01 2.05312042e-01
 -8.06449730e-01 2.17504630e-01 1.59055439e-01 3.70153674e-01 -1.41011847e-01 1.94202114e-01
 -5.91614869e-01 2.06685088e-01 1.73688018e-01 3.50108964e-01 -1.27262992e-01 1.92214167e-01
 -7.38797406e-01 2.33959881e-01 1.97104170e-01 3.48337143e-01 -1.32429141e-01 2.02572173e-01
 -6.70491437e-01 2.40435619e-01 1.60249718e-01 3.81911458e-01 -1.16330734e-01 1.99867823e-01
 -7.67870749e-01 2.26967571e-01 1.61436893e-01 3.76729929e-01 -1.44826751e-01 2.15114029e-01
