 2.05203893e+01 2.07937206e+01 2.06388466e+01 2.04462532e+01 2.04906274e+01 2.03794184e+01
 2.05528188e+01 2.07730683e+01 2.06732573e+01 2.05083854e+01 2.04989610e+01 2.03892066e+01
 2.05770018e+01 2.07331728e+01 2.06745641e+01 2.05516491e+01 2.05210697e+01 2.04313774e+01
 2.06456670e+01 2.06871351e+01 2.06976097e+01 2.06076555e+01 2.05650960e+01 2.04853679e+01
 2.06760038e+01 2.05641809e+01 2.06705785e+01 2.05062015e+01 2.04799709e+01 2.03481240e+01
 2.08750493e+01 2.08554463e+01 2.08920014e+01 2.08905118e+01 2.08828788e+01 2.08615775e+01
 2.09441420e+01 2.09412454e+01 2.09478522e+01 2.09593670e+01 2.09502580e+01 2.09410898e+01
 2.10193827e+01 2.10206179e+01 2.10023378e+01 2.10046718e+01 2.10074982e+01 2.10119646e+01
 2.10711049e+01 2.10726961e+01 2.10589358e+01 2.10559885e+01 2.10656817e+01 2.10723367e+01
 2.10915139e+01 2.11114297e+01 2.10998056e+01 2.10903370e+01 2.10946502e+01 2.11143921e+01
 1.52017940e+01 1.26648241e+01 1.21515987e+01 1.16008879e+01 1.07023761e+01 1.08512878e+01
 8.41192926e+00 5.47993009e+00 5.13736430e+00 4.65275459e+00 3.70535000e+00 4.34688475e+00
 6.76962765e+00 3.51928582e+00 3.25857598e+00 2.74614188e+00 2.14973998e+00 3.73754940e+00
 6.46550690e+00 2.58262467e+00 2.49568924e+00 1.83856159e+00 1.51902261e+00 3.63847323e+00
 6.35532466e+00 1.99556492e+00 2.16303831e+00 1.35882971e+00 1.25280494e+00 3.60923102e+00
 6.29143441e+00 1.58612571e+00 1.97709692e+00 1.08647553e+00 1.15899693e+00 3.59822249e+00
 6.29720305e+00 1.31088758e+00 1.84043562e+00 9.43328146e-01 1.08904474e+00 3.56248788e+00
 6.33465863e+00 1.09102053e+00 1.62264076e+00 7.61938899e-01 1.17206186e+00 3.46887594e+00
 6.36047072e+00 9.07317616e-01 1.36159744e+00 6.25734727e-01 1.52886397e+00 3.34958683e+00
 6.39490093e+00 8.03389181e-01 1.20739459e+00 5.75791681e-01 1.76028757e+00 3.16475588e+00
 6.44777896e+00 7.36456614e-01 1.11320233e+00 5.53968940e-01 1.73683848e+00 3.09120543e+00
 6.47769000e+00 6.37251795e-01 1.01148033e+00 5.20355333e-01 1.66236731e+00 3.02310249e+00
 6.49444729e+00 5.19072329e-01 8.00754143e-01 5.41406943e-01 1.30029591e+00 3.02040243e+00
 6.49525958e+00 4.50659591e-01 9.85529400e-01 4.82575197e-01 1.01759662e+00 3.03975048e+00
 6.49141208e+00 4.45621905e-01 1.41625509e+00 4.28402103e-01 9.65139954e-01 2.96779932e+00
 6.49329122e+00 5.01890827e-01 1.54214410e+00 3.47304410e-01 1.16405166e+00 2.76212382e+00
 6.48631458e+00 6.45225485e-01 1.58590979e+00 2.78832581e-01 1.19188382e+00 2.72141003e+00
 6.49785105e+00 7.99106277e-01 1.60190569e+00 2.27146916e-01 1.16497241e+00 2.73862104e+00
 6.51111460e+00 9.57726417e-01 1.58547882e+00 1.86432387e-01 1.13448139e+00 2.76650900e+00
 6.52413486e+00 1.10210971e+00 1.56446455e+00 1.45037384e-01 1.17470293e+00 2.73957381e+00
 6.57894040e+00 1.34264806e+00 1.50137486e+00 1.16623292e-01 1.06772827e+00 2.72927107e+00
 6.61940729e+00 1.68107876e+00 1.85521312e+00 1.12921981e-01 9.95854824e-01 2.72279975e+00
 6.61283164e+00 1.79862068e+00 1.92962601e+00 1.10869442e-01 9.87382608e-01 2.70207181e+00
 6.59400780e+00 2.05782733e+00 1.77835946e+00 1.06767931e-01 9.79606822e-01 2.68759062e+00
 6.57295178e+00 2.58595803e+00 1.53149028e+00 1.03548200e-01 9.65000613e-01 2.64790920e+00
 6.54625086e+00 2.80391790e+00 1.37913989e+00 9.32582087e-02 9.58003029e-01 2.63748141e+00
 6.48702248e+00 2.87190517e+00 1.29557108e+00 7.89613457e-02 1.00564309e+00 2.59755294e+00
 6.32411503e+00 2.82163638e+00 1.24012778e+00 5.20317377e-02 1.13460149e+00 2.45177714e+00
 6.22126212e+00 2.80973717e+00 1.20214927e+00 2.60412873e-02 1.27904684e+00 2.35935904e+00
 6.19191985e+00 2.77278083e+00 1.18048669e+00 1.03199877e-02 1.38897998e+00 2.38075311e+00
 6.17881141e+00 2.72789403e+00 1.15839436e+00 1.15156067e-03 1.46948615e+00 2.42163607e+00
 6.09591736e+00 2.67446291e+00 1.13400476e+00 -5.85486900e-03 1.52946733e+00 2.46837963e+00
 6.06268026e+00 2.60461585e+00 1.10645384e+00 -1.25531683e-02 1.56083340e+00 2.47266603e+00
 6.04768663e+00 2.45318756e+00 1.07280218e+00 -2.24229050e-02 1.58548744e+00 2.46902803e+00
 6.02367566e+00 2.32352758e+00 1.04501957e+00 -2.10470530e-02 1.66268186e+00 2.47323506e+00
 6.00474072e+00 2.23914673e+00 1.01995221e+00 -2.16510203e-02 1.69412595e+00 2.45708500e+00
 5.96203607e+00 2.18894630e+00 9.97874615e-01 -2.72906677e-02 1.73285587e+00 2.43197222e+00
 5.90976478e+00 2.15085694e+00 9.78994024e-01 -3.75514528e-02 1.79439400e+00 2.41586315e+00
 5.90584963e+00 2.10312902e+00 9.62657735e-01 -4.50550830e-02 1.78975809e+00 2.35193250e+00
 5.93085480e+00 2.01859258e+00 9.50927211e-01 -4.84394925e-02 1.84899263e+00 2.32186218e+00
 5.94911657e+00 1.91607521e+00 9.35996547e-01 -4.87417584e-02 1.88896511e+00 2.30891017e+00
 5.91120168e+00 1.81222262e+00 9.07565262e-01 -5.28856845e-02 1.86187377e+00 2.26891611e+00
 5.57288400e+00 1.68884518e+00 8.69749118e-01 -4.37783624e-02 1.85922547e+00 2.23162455e+00
 5.15917703e+00 1.74359841e+00 8.39623489e-01 -4.56208731e-02 1.90300137e+00 2.22520778e+00
 4.90144860e+00 1.98135516e+00 8.57415401e-01 3.45114183e-02 1.80944630e+00 2.20708721e+00
 4.73042241e+00 2.22403421e+00 8.66082178e-01 1.75545866e-01 1.61239513e+00 2.20126406e+00
 4.58068311e+00 2.51347981e+00 1.02944514e+00 2.43956027e-01 1.49176347e+00 2.21916635e+00
 4.36236610e+00 2.83793508e+00 1.40930191e+00 2.66398669e-01 1.41106536e+00 2.25420419e+00
 4.17405036e+00 2.94822917e+00 1.79548261e+00 2.71661150e-01 1.36248354e+00 2.28297035e+00
 4.04181924e+00 2.97645383e+00 1.98973009e+00 2.88981141e-01 1.36915824e+00 2.37563305e+00
 3.94201588e+00 3.01689997e+00 2.12716225e+00 2.74677140e-01 1.35547193e+00 2.48744981e+00
 3.88187459e+00 3.03705466e+00 2.22917072e+00 2.71656100e-01 1.35606211e+00 2.58051417e+00
 3.82085712e+00 3.03478096e+00 2.27467851e+00 2.60714176e-01 1.32718016e+00 2.63978183e+00
 3.76867324e+00 3.04498871e+00 2.30858653e+00 2.56598891e-01 1.31354393e+00 2.71630023e+00
 3.72445425e+00 3.05154109e+00 2.33978987e+00 2.67218531e-01 1.33715998e+00 2.82775988e+00
 3.67102536e+00 3.03992930e+00 2.35957681e+00 2.68546099e-01 1.33827305e+00 2.94159222e+00
 3.62531285e+00 3.03113216e+00 2.37222366e+00 2.78108528e-01 1.36087708e+00 3.03011138e+00
 3.59330070e+00 3.03515733e+00 2.39544363e+00 2.83426336e-01 1.36933749e+00 3.09945758e+00
 3.59492091e+00 2.92214465e+00 2.27901439e+00 2.93577337e-01 1.39188532e+00 3.18035788e+00
 3.60726210e+00 2.60938489e+00 1.95602750e+00 3.05460200e-01 1.40441411e+00 3.24593980e+00
 3.63156441e+00 2.59842117e+00 1.68210716e+00 3.13650508e-01 1.42987405e+00 3.31861693e+00
 3.63746159e+00 2.68935408e+00 1.48955552e+00 3.13946599e-01 1.44544866e+00 3.35499750e+00
 3.63262737e+00 2.74896383e+00 1.35528626e+00 3.06821965e-01 1.46817443e+00 3.37911682e+00
 3.63743358e+00 2.77149700e+00 1.27691875e+00 2.99651552e-01 1.48648491e+00 3.37110856e+00
 3.62311210e+00 2.74829050e+00 1.21477982e+00 2.84129909e-01 1.47716019e+00 3.34303332e+00
 3.60999147e+00 2.72827114e+00 1.16753513e+00 2.71933382e-01 1.45708271e+00 3.32595915e+00
 3.59117133e+00 2.72953996e+00 1.12927094e+00 2.59845331e-01 1.43697529e+00 3.33251385e+00
 3.57752702e+00 2.73449782e+00 1.10669900e+00 2.49199402e-01 1.43624520e+00 3.36253094e+00
 3.57165392e+00 2.74640403e+00 1.09052873e+00 2.39946131e-01 1.44515740e+00 3.38741322e+00
 3.57352296e+00 2.63607173e+00 1.07983618e+00 2.36244268e-01 1.44688560e+00 3.39497808e+00
 3.54489733e+00 2.33424683e+00 1.05908381e+00 2.29681932e-01 1.45513904e+00 3.41337828e+00
 3.52251146e+00 2.06196004e+00 1.04069843e+00 2.31322665e-01 1.46853914e+00 3.41369052e+00
 3.48497146e+00 1.87029655e+00 1.01450402e+00 2.30861560e-01 1.48106483e+00 3.41334170e+00
 3.44649446e+00 1.75761580e+00 9.89052122e-01 2.29462426e-01 1.49402023e+00 3.40780962e+00
 3.40792823e+00 1.67531667e+00 9.66489570e-01 2.32606624e-01 1.49866086e+00 3.40609856e+00
 3.36339562e+00 1.60743147e+00 9.40165748e-01 2.28654798e-01 1.48201566e+00 3.38874778e+00
 3.33649775e+00 1.55956318e+00 9.16711867e-01 2.22598545e-01 1.46206455e+00 3.38655192e+00
 3.32638133e+00 1.52532936e+00 8.98267473e-01 2.19035872e-01 1.44975035e+00 3.39120905e+00
 3.31236586e+00 1.49963233e+00 8.88891302e-01 2.18567011e-01 1.46535299e+00 3.39890455e+00
 3.28699502e+00 1.48048961e+00 8.83199939e-01 2.18559523e-01 1.46802693e+00 3.38859728e+00
 3.26335892e+00 1.45434854e+00 8.74888170e-01 2.17016492e-01 1.45448774e+00 3.36470196e+00
 3.24113883e+00 1.43136679e+00 8.67277151e-01 2.14125951e-01 1.44166543e+00 3.35842485e+00
 3.22522953e+00 1.41539400e+00 8.67261436e-01 2.08159524e-01 1.43205290e+00 3.35847194e+00
 3.21512203e+00 1.40297676e+00 8.90926260e-01 2.63806485e-01 1.54589524e+00 3.49203785e+00
 3.20495327e+00 1.41774345e+00 9.39504323e-01 3.48089156e-01 1.76240543e+00 3.84621292e+00
 3.19843732e+00 1.44354268e+00 9.64378336e-01 3.83184063e-01 1.84396248e+00 4.08867575e+00
 3.19308029e+00 1.42364755e+00 9.62243250e-01 3.88641761e-01 1.87833506e+00 4.16482898e+00
 3.18225608e+00 1.39384178e+00 9.45691808e-01 3.79731294e-01 1.88651802e+00 4.18411455e+00
 3.17815309e+00 1.37474178e+00 9.32892909e-01 3.66083628e-01 1.87755380e+00 4.19734568e+00
 3.15768364e+00 1.34535378e+00 9.19353987e-01 3.51197366e-01 1.84663319e+00 4.16739866e+00
 3.14351531e+00 1.32664466e+00 9.06320426e-01 3.40351146e-01 1.80569291e+00 4.13394430e+00
 3.12722557e+00 1.31830737e+00 8.98321940e-01 3.31057387e-01 1.77699108e+00 4.14270414e+00
 3.12412728e+00 1.31013854e+00 8.91668759e-01 3.23121107e-01 1.75349169e+00 4.13157221e+00
 3.12628660e+00 1.30651515e+00 8.87956589e-01 3.20233282e-01 1.76075987e+00 4.14663622e+00
 3.11587919e+00 1.29676630e+00 8.81967241e-01 3.18410660e-01 1.76210906e+00 4.13209028e+00
 3.09316119e+00 1.27329970e+00 8.69020879e-01 3.08394067e-01 1.74172328e+00 4.11448069e+00
 3.07590360e+00 1.25062129e+00 8.57596882e-01 3.02406057e-01 1.71836972e+00 4.08576226e+00
 3.06290401e+00 1.23889716e+00 8.50854208e-01 2.96624974e-01 1.70185154e+00 4.08572283e+00
 3.06400793e+00 1.23144933e+00 8.48373647e-01 2.94597432e-01 1.69052986e+00 4.08178218e+00
 3.06162738e+00 1.21439865e+00 8.34997086e-01 2.88689747e-01 1.67037049e+00 4.06986943e+00
 3.04991158e+00 1.20813819e+00 8.28709938e-01 2.88056296e-01 1.67546125e+00 4.08149520e+00
 3.03326394e+00 1.19828696e+00 8.20568262e-01 2.86108664e-01 1.67500068e+00 4.06801173e+00
 3.01420375e+00 1.17828326e+00 8.05313930e-01 2.83814654e-01 1.66443730e+00 4.03202617e+00
 2.99984599e+00 1.16736199e+00 7.99514941e-01 2.81604906e-01 1.65542289e+00 3.99962715e+00
 2.99302814e+00 1.15758873e+00 7.92537756e-01 2.78147529e-01 1.63709501e+00 3.98900184e+00
 2.98594874e+00 1.14790942e+00 7.89928021e-01 2.78578223e-01 1.63266647e+00 4.01178684e+00
 2.97896131e+00 1.12897430e+00 7.80594845e-01 2.73990426e-01 1.61048346e+00 3.97917549e+00
 2.96747214e+00 1.12273877e+00 7.81073822e-01 2.72190057e-01 1.61532231e+00 3.99704785e+00
 2.95930875e+00 1.12583282e+00 7.82455417e-01 2.72601086e-01 1.63034962e+00 3.98898831e+00
 2.93851603e+00 1.12001832e+00 7.78018473e-01 2.72469456e-01 1.63608019e+00 3.97643671e+00
 2.92185467e+00 1.10600182e+00 7.68970588e-01 2.71235723e-01 1.62530947e+00 3.94266434e+00
 2.90683586e+00 1.08905351e+00 7.58188526e-01 2.68230554e-01 1.61991921e+00 3.94072278e+00
 2.89741422e+00 1.06964205e+00 7.46622625e-01 2.60101869e-01 1.57984401e+00 3.87260583e+00
 2.88820039e+00 1.05886679e+00 7.38406953e-01 2.52663012e-01 1.54659951e+00 3.85040239e+00
 2.88610359e+00 1.06117591e+00 7.41654249e-01 2.52641024e-01 1.55548717e+00 3.87616895e+00
 2.88432117e+00 1.06368294e+00 7.46191417e-01 2.49124708e-01 1.55107283e+00 3.84745986e+00
 2.87506659e+00 1.06406797e+00 7.44370638e-01 2.48722680e-01 1.54022426e+00 3.83824746e+00
 2.85718617e+00 1.04488574e+00 7.29171149e-01 2.42263721e-01 1.50600400e+00 3.81279382e+00
 2.83837762e+00 1.01459975e+00 7.10475516e-01 2.39062598e-01 1.47487423e+00 3.78568670e+00
 2.81610641e+00 9.91129066e-01 6.99517740e-01 2.31550582e-01 1.45647072e+00 3.72983273e+00
 2.78245455e+00 9.89558042e-01 6.99015586e-01 2.23561971e-01 1.44369327e+00 3.67011465e+00
 2.75466743e+00 9.86609495e-01 6.98485167e-01 2.13420647e-01 1.41264991e+00 3.64908382e+00
 2.73447150e+00 9.79465313e-01 6.86929025e-01 2.04059900e-01 1.36188456e+00 3.61584004e+00
 2.71096725e+00 9.60988959e-01 6.70111025e-01 1.94097760e-01 1.32041835e+00 3.60810775e+00
 2.68031335e+00 9.43371523e-01 6.57563926e-01 1.86196920e-01 1.30272488e+00 3.59470247e+00
 2.65109848e+00 9.37131055e-01 6.51179628e-01 1.83008823e-01 1.28767773e+00 3.59009553e+00
 2.61805625e+00 9.19182479e-01 6.39300136e-01 1.71163680e-01 1.25055940e+00 3.53475386e+00
 2.61237119e+00 9.13033701e-01 6.31839682e-01 1.63835317e-01 1.22713323e+00 3.51762977e+00
 2.61190670e+00 9.12730781e-01 6.26428673e-01 1.58095234e-01 1.20511681e+00 3.49521390e+00
 2.58950487e+00 9.00858473e-01 6.16820750e-01 1.49085914e-01 1.17550926e+00 3.48415536e+00
 2.56723014e+00 8.88410910e-01 6.12798131e-01 1.45655296e-01 1.17534257e+00 3.52731174e+00
 2.54845371e+00 8.82342757e-01 6.09591442e-01 1.44457024e-01 1.17775057e+00 3.52526199e+00
 2.53100461e+00 8.70258740e-01 6.01389453e-01 1.40881965e-01 1.17192756e+00 3.52603036e+00
 2.51442896e+00 8.55021853e-01 5.91107797e-01 1.36660846e-01 1.15708882e+00 3.49355004e+00
 2.48698219e+00 8.49955860e-01 6.10293539e-01 1.62849518e-01 1.20641535e+00 3.53950199e+00
