 2.83069677e-02 2.91762923e-01 2.72475934e-02 1.01670821e-01 1.22399364e-01 2.22174777e-01
 1.65839107e-02 1.53234174e-01 1.45651304e-02 6.28583158e-02 6.86578871e-02 1.35007847e-01
 1.44420347e-02 8.95016447e-02 1.55116578e-02 5.33288073e-02 6.04281514e-02 8.97447052e-02
 1.05693914e-02 3.43421169e-02 1.77353490e-02 5.20511037e-02 6.50220893e-02 6.83694671e-02
 1.33682700e-02 5.45308119e-02 5.18905047e-02 1.89799394e-01 2.10910742e-01 2.69869826e-01
 8.58846542e-04 1.28937243e-03 3.62883560e-04 7.18470302e-04 5.95861522e-04 1.35591690e-03
 7.56744436e-04 4.92985458e-05 6.54639744e-05 1.87915628e-04 1.29546154e-04 1.46122946e-04
 1.27784773e-04 1.41012464e-04 5.09305491e-06 6.45887390e-05 1.81326400e-05 6.89339552e-05
 3.60864930e-04 4.60382127e-04 8.21007478e-05 1.27090133e-04 1.18320411e-04 2.87240560e-04
 1.95213220e-03 1.78751741e-04 4.32319374e-04 1.22682651e-03 7.88294468e-04 1.28090613e-03
 2.03982708e+01 3.81190900e+01 4.08908857e+01 4.54492379e+01 5.43397780e+01 5.23245888e+01
 1.16627135e+00 1.55826891e+00 9.47579755e-01 1.28637905e+00 1.09206426e+00 6.41162584e-01
 5.70607294e-01 9.78011773e-01 2.83358803e-01 2.13762067e-01 9.27665136e-02 7.62771827e-02
 4.89498881e-01 1.01279966e+00 3.57956108e-01 9.25700646e-02 3.22339009e-02 7.40025482e-02
 4.72494498e-01 1.04258406e+00 5.02382561e-01 9.12377472e-02 5.47618906e-02 1.08505657e-01
 4.68647441e-01 1.06918055e+00 6.27186809e-01 1.09162155e-01 7.63708321e-02 1.37664081e-01
 5.39404533e-01 1.06792636e+00 6.58680397e-01 1.22134954e-01 1.18208648e-01 1.30194463e-01
 6.83398397e-01 9.87198260e-01 5.79563769e-01 1.35111306e-01 5.61495330e-02 1.82644592e-01
 7.71006828e-01 8.59007052e-01 4.41238960e-01 1.31099278e-01 4.60230864e-01 1.37598832e-01
 8.78846693e-01 7.92288450e-01 1.88086131e-01 6.25035902e-02 1.37542733e+00 1.79106556e-01
 9.48684331e-01 7.60949253e-01 7.81568526e-02 1.90842727e-02 1.59460645e+00 1.89590605e-01
 9.96969371e-01 7.18541312e-01 8.16629881e-02 7.16649125e-03 1.44152752e+00 2.09357267e-01
 1.01475587e+00 6.97132413e-01 6.35526848e-02 2.54931984e-02 6.55698904e-01 2.17199957e-01
 1.06075169e+00 6.86251033e-01 2.26156124e-01 2.79733624e-02 3.71401779e-01 2.18646040e-01
 1.09698110e+00 6.43758054e-01 1.30009162e+00 2.87321008e-02 6.15465439e-01 1.60574883e-01
 1.10403741e+00 5.58057663e-01 1.93847651e+00 1.96158206e-02 1.96749639e+00 3.00805927e-02
 1.12072246e+00 4.13418276e-01 2.26027967e+00 9.73300277e-03 3.02508223e+00 2.79762721e-02
 1.13165077e+00 2.71927916e-01 2.49331124e+00 4.85474484e-03 3.68749724e+00 2.59134628e-02
 1.13190063e+00 1.53607381e-01 2.62796639e+00 1.63337985e-03 4.05376360e+00 4.84501694e-02
 1.13028380e+00 7.17555849e-02 2.65956099e+00 1.53383101e-03 4.27316117e+00 6.02855623e-02
 1.15311162e+00 5.33394599e-03 1.50044582e+00 1.71018587e-03 3.26874883e+00 4.40068803e-02
 1.18866237e+00 7.97758314e-02 8.30376128e-01 2.77846410e-03 2.42764717e+00 2.93965375e-02
 1.22968933e+00 1.23340259e-01 1.57657557e+00 6.44221372e-03 1.96475167e+00 2.42880332e-02
 1.26938358e+00 3.26764912e-01 1.63787115e+00 1.10321126e-02 1.63739288e+00 2.88174669e-02
 1.33903091e+00 1.12897820e+00 1.21108214e+00 1.65470939e-02 1.43172209e+00 3.66131595e-02
 1.43623448e+00 1.60097765e+00 1.02751387e+00 2.12955422e-02 1.27626259e+00 4.36272656e-02
 1.62031214e+00 1.82070803e+00 9.94936292e-01 2.43842915e-02 1.07832370e+00 4.71048359e-02
 2.10919466e+00 1.88073905e+00 1.02244063e+00 2.63813120e-02 7.96513264e-01 6.62499953e-02
 2.44628617e+00 1.86403815e+00 1.07864310e+00 2.99716743e-02 7.13883378e-01 8.98350456e-02
 2.68733668e+00 1.75822154e+00 1.12542790e+00 3.21995682e-02 7.66795091e-01 8.60428890e-02
 2.84521161e+00 1.65131698e+00 1.13827867e+00 3.30653053e-02 8.12739671e-01 6.60807128e-02
 2.92988872e+00 1.57700327e+00 1.13688506e+00 3.40627857e-02 8.59721463e-01 7.17753030e-02
 3.07885081e+00 1.55771974e+00 1.13363598e+00 3.55026941e-02 8.87261818e-01 7.20767854e-02
 3.16905162e+00 1.69984252e+00 1.12110501e+00 3.63425762e-02 9.57605886e-01 6.11569383e-02
 3.27081678e+00 1.99039939e+00 1.12156336e+00 3.86945657e-02 1.06815247e+00 5.88764460e-02
 3.44468750e+00 2.15504472e+00 1.11372551e+00 3.86153925e-02 1.07331439e+00 6.61623722e-02
 3.65359599e+00 2.27956797e+00 1.11750216e+00 3.84134414e-02 1.12354587e+00 7.08212969e-02
 3.84470191e+00 2.43676151e+00 1.15018019e+00 3.82772716e-02 1.25811110e+00 7.30230886e-02
 3.99979621e+00 2.60985916e+00 1.17589710e+00 3.78117004e-02 1.27154013e+00 1.03288453e-01
 4.05856312e+00 2.76985800e+00 1.19451295e+00 3.81785271e-02 1.42385160e+00 1.19873125e-01
 4.10883510e+00 2.64182672e+00 1.21285765e+00 3.87120916e-02 1.52788952e+00 1.28436243e-01
 4.32280508e+00 2.36053976e+00 1.21018128e+00 3.90420976e-02 1.50870948e+00 1.57280684e-01
 5.12357292e+00 1.93155200e+00 1.14384293e+00 4.37841432e-02 1.54907004e+00 1.91343011e-01
 5.62594857e+00 1.86459536e+00 1.09564027e+00 4.53046376e-02 1.70730869e+00 1.94335051e-01
 5.81814884e+00 2.36629032e+00 1.03514249e+00 9.19240296e-02 1.58680800e+00 1.94217504e-01
 5.75428818e+00 3.20230750e+00 9.78513092e-01 2.41520607e-01 1.29427123e+00 2.12818138e-01
 5.43771883e+00 4.50214711e+00 9.11387105e-01 3.45433711e-01 1.15722749e+00 2.02009461e-01
 4.65019283e+00 6.39959039e+00 1.27548732e+00 3.88672839e-01 1.06689496e+00 1.66795185e-01
 3.96963039e+00 7.24437770e+00 2.31407765e+00 3.97038653e-01 9.98215187e-01 1.20064851e-01
 3.44700375e+00 7.49412067e+00 3.09254708e+00 4.22188132e-01 9.73095086e-01 4.38820228e-02
 3.05486936e+00 7.77951710e+00 3.74558444e+00 3.98689240e-01 9.49155132e-01 1.51325012e-02
 2.88616690e+00 7.88582547e+00 4.29842615e+00 4.02495879e-01 9.44760337e-01 2.88992792e-02
 2.73316877e+00 7.95344887e+00 4.63901463e+00 3.90316326e-01 8.93350282e-01 6.76150713e-02
 2.58161021e+00 8.11233808e+00 4.87160491e+00 3.76357288e-01 8.68792312e-01 1.16080138e-01
 2.47573622e+00 8.24233577e+00 5.11049544e+00 3.94890977e-01 8.75563759e-01 2.45264116e-01
 2.38705112e+00 8.21724301e+00 5.27865284e+00 4.01702043e-01 8.69389114e-01 4.67624876e-01
 2.27595232e+00 8.13065810e+00 5.37158586e+00 4.11922997e-01 8.33916502e-01 6.88458993e-01
 2.18237742e+00 8.14762197e+00 5.53575698e+00 4.20231017e-01 8.14353560e-01 8.97166162e-01
 2.19520958e+00 7.40586869e+00 4.87700156e+00 4.46042314e-01 8.24064660e-01 1.13775840e+00
 2.27474595e+00 5.57420836e+00 3.29864097e+00 4.88798207e-01 8.28161587e-01 1.41022598e+00
 2.35887936e+00 5.60646935e+00 2.27168760e+00 5.29566265e-01 8.57957250e-01 1.67854682e+00
 2.41570682e+00 6.31011359e+00 1.72075782e+00 5.50975145e-01 8.87704151e-01 1.84305719e+00
 2.44632835e+00 6.80055158e+00 1.40709189e+00 5.44368478e-01 9.24490882e-01 1.97169302e+00
 2.43463413e+00 6.84620901e+00 1.22531947e+00 5.18918255e-01 9.44866450e-01 1.94617178e+00
 2.39710113e+00 6.68185839e+00 1.12254219e+00 4.89422259e-01 9.49749216e-01 1.89565819e+00
 2.38393953e+00 6.59862215e+00 1.06950767e+00 4.84373143e-01 9.91969321e-01 1.95350203e+00
 2.36920932e+00 6.67284458e+00 1.05003067e+00 4.83771903e-01 1.07764466e+00 2.01137646e+00
 2.37599598e+00 6.74491451e+00 1.06240927e+00 4.86907896e-01 1.18203037e+00 2.09998118e+00
 2.39936959e+00 6.86510597e+00 1.08349569e+00 4.91947687e-01 1.28999940e+00 2.24562655e+00
 2.45513483e+00 6.21061009e+00 1.10633445e+00 5.04541455e-01 1.39107828e+00 2.36221131e+00
 2.45376923e+00 4.70963331e+00 1.11303106e+00 5.15628393e-01 1.47730364e+00 2.39985078e+00
 2.44046991e+00 3.61650189e+00 1.11454273e+00 5.30868220e-01 1.52660956e+00 2.33990411e+00
 2.41202467e+00 3.02258634e+00 1.09887779e+00 5.27005870e-01 1.50500561e+00 2.33829433e+00
 2.38233732e+00 2.75064825e+00 1.08055829e+00 5.23862202e-01 1.48687034e+00 2.42004326e+00
 2.35404456e+00 2.58878628e+00 1.06453299e+00 5.35680578e-01 1.50702774e+00 2.52257901e+00
 2.30437590e+00 2.48186699e+00 1.05291989e+00 5.51720149e-01 1.55968148e+00 2.61989717e+00
 2.27325910e+00 2.42886888e+00 1.04884114e+00 5.61422927e-01 1.62414010e+00 2.67425056e+00
 2.25877634e+00 2.38450017e+00 1.03782888e+00 5.63435867e-01 1.64787753e+00 2.65604519e+00
 2.22224201e+00 2.35257614e+00 1.03953341e+00 5.63160050e-01 1.68637687e+00 2.60935729e+00
 2.17329829e+00 2.32225934e+00 1.03532336e+00 5.66655701e-01 1.71319059e+00 2.66210762e+00
 2.14147860e+00 2.28397197e+00 1.03042557e+00 5.75914681e-01 1.75593255e+00 2.63484271e+00
 2.13381401e+00 2.24993343e+00 1.02540592e+00 5.82115074e-01 1.80366542e+00 2.63443033e+00
 2.13822110e+00 2.23594908e+00 1.03206601e+00 5.74857243e-01 1.76445142e+00 2.57093729e+00
 2.12872509e+00 2.20651749e+00 1.03948288e+00 6.86912596e-01 1.85561208e+00 3.28231889e+00
 2.09694848e+00 2.20639671e+00 1.07207225e+00 8.88535245e-01 2.30321651e+00 5.50054468e+00
 2.09626550e+00 2.24191366e+00 1.09667677e+00 9.77303808e-01 2.54497496e+00 7.24130166e+00
 2.09237784e+00 2.21806546e+00 1.09956902e+00 1.00230808e+00 2.68235134e+00 7.90748635e+00
 2.07824539e+00 2.18845194e+00 1.08669296e+00 9.92274813e-01 2.77936441e+00 8.23788175e+00
 2.06446520e+00 2.17024382e+00 1.07751946e+00 9.74157654e-01 2.85321026e+00 8.36530249e+00
 2.01791365e+00 2.13686758e+00 1.06905931e+00 9.52035019e-01 2.89221561e+00 8.25514661e+00
 1.99328326e+00 2.11735990e+00 1.05792098e+00 9.29829364e-01 2.87105046e+00 8.04316755e+00
 1.96890812e+00 2.13382679e+00 1.05879928e+00 9.18145597e-01 2.85253362e+00 8.16040312e+00
 1.98179233e+00 2.13269957e+00 1.05774126e+00 9.03708773e-01 2.78745059e+00 8.14851059e+00
 1.98549031e+00 2.13663578e+00 1.05558785e+00 8.91607602e-01 2.76160551e+00 8.15799132e+00
 1.96382031e+00 2.12593763e+00 1.05009816e+00 8.88486561e-01 2.74375078e+00 8.10698305e+00
 1.91740088e+00 2.09274860e+00 1.04327133e+00 8.82791669e-01 2.78204576e+00 8.31822299e+00
 1.89945809e+00 2.07038481e+00 1.03893846e+00 8.94514553e-01 2.88780119e+00 8.41365912e+00
 1.90254197e+00 2.07726495e+00 1.04490289e+00 9.00511183e-01 2.99547785e+00 8.43866483e+00
 1.92987596e+00 2.09269056e+00 1.05255265e+00 9.03967428e-01 3.08119674e+00 8.47609207e+00
 1.91032210e+00 2.06732838e+00 1.03744363e+00 9.06895234e-01 3.10585853e+00 8.49295465e+00
 1.89089683e+00 2.05901260e+00 1.02543632e+00 8.98540944e-01 3.05707760e+00 8.32822175e+00
 1.88317493e+00 2.03482073e+00 1.01107952e+00 9.00271555e-01 2.99189435e+00 8.40161251e+00
 1.86620515e+00 1.98684231e+00 9.84060057e-01 9.03212539e-01 2.98738375e+00 8.49661874e+00
 1.84421397e+00 1.96663116e+00 9.75567882e-01 9.03173409e-01 3.02244549e+00 8.40759150e+00
 1.81964425e+00 1.95449431e+00 9.69263842e-01 9.07871400e-01 3.06050093e+00 8.56701648e+00
 1.80395554e+00 1.93608829e+00 9.64706125e-01 9.13541056e-01 3.12183398e+00 8.73281164e+00
 1.79195957e+00 1.91553156e+00 9.59160070e-01 9.19865284e-01 3.15464135e+00 8.83666397e+00
 1.77552816e+00 1.91773696e+00 9.65442527e-01 9.18256565e-01 3.13267879e+00 8.69146457e+00
 1.77214602e+00 1.92556226e+00 9.64675801e-01 9.14206100e-01 3.03074746e+00 8.48984833e+00
 1.75308851e+00 1.91187309e+00 9.56629505e-01 9.11410729e-01 2.99701683e+00 8.56435060e+00
 1.73174276e+00 1.88481328e+00 9.44104306e-01 9.17050755e-01 2.99491120e+00 8.51127195e+00
 1.70767875e+00 1.85015858e+00 9.34370514e-01 9.21730659e-01 3.02590273e+00 8.64379784e+00
 1.70165143e+00 1.82452330e+00 9.24349636e-01 9.19619429e-01 3.02670611e+00 8.61757692e+00
 1.69127730e+00 1.82293766e+00 9.17691655e-01 9.18163707e-01 3.02532468e+00 8.50977011e+00
 1.67443537e+00 1.83214897e+00 9.18391052e-01 9.12726923e-01 2.96115285e+00 8.20305780e+00
 1.67593663e+00 1.83440842e+00 9.26309372e-01 8.90695198e-01 2.78962000e+00 7.92367181e+00
 1.67378717e+00 1.83173408e+00 9.20253114e-01 8.76333580e-01 2.68400820e+00 8.05799525e+00
 1.65781684e+00 1.79025511e+00 9.00131359e-01 8.69766606e-01 2.64529641e+00 8.15589865e+00
 1.61368721e+00 1.72966346e+00 8.73972075e-01 8.69854229e-01 2.61614300e+00 8.16626726e+00
 1.59914428e+00 1.70121963e+00 8.70635069e-01 8.70218167e-01 2.62213719e+00 8.14416791e+00
 1.68433165e+00 1.75375714e+00 8.87607855e-01 8.71946900e-01 2.69976779e+00 8.28764701e+00
 1.80945113e+00 1.81229546e+00 9.15586511e-01 8.86071170e-01 2.81857959e+00 8.51037163e+00
 1.86435208e+00 1.83544831e+00 9.27701552e-01 9.06128714e-01 2.96624017e+00 8.71397983e+00
 1.88200521e+00 1.82418339e+00 9.26154602e-01 9.28663778e-01 3.12694068e+00 8.94788433e+00
 1.95539230e+00 1.82905223e+00 9.29058120e-01 9.36759808e-01 3.19503740e+00 8.57047091e+00
 1.99017588e+00 1.82558731e+00 9.21572934e-01 9.33242014e-01 3.13603056e+00 8.32441099e+00
 1.95775394e+00 1.81101416e+00 9.16292265e-01 9.28746660e-01 3.09983227e+00 8.36978370e+00
 1.93354996e+00 1.82847556e+00 9.25491730e-01 9.36478534e-01 3.15456152e+00 8.49833630e+00
 1.93271393e+00 1.85363425e+00 9.34053562e-01 9.38884587e-01 3.21434972e+00 8.57318431e+00
 1.95942203e+00 1.86173450e+00 9.29905352e-01 9.36727009e-01 3.15436428e+00 8.32409828e+00
 1.94968920e+00 1.84585722e+00 9.26523002e-01 9.34828904e-01 3.07881307e+00 8.39852759e+00
 1.91944579e+00 1.84550880e+00 9.25676931e-01 9.33628975e-01 3.06876751e+00 8.59205575e+00
 1.85980695e+00 1.83414227e+00 9.27643419e-01 9.42011405e-01 3.15287272e+00 8.88679851e+00
 1.82213871e+00 1.81693389e+00 9.23693093e-01 9.48159768e-01 3.22374604e+00 8.89612544e+00
 1.85734471e+00 1.84417064e+00 9.62560558e-01 1.03284638e+00 3.39391993e+00 9.18976528e+00
