0 20.801 21.0741 21.1301 21.1141 21.075 21.0903
5 21.3027 21.1884 21.1767 21.1594 21.1634 21.1615
10 20.9251 21.2316 21.2632 21.2256 21.2116 21.2234
15 21.4944 21.2758 21.29 21.2814 21.2677 21.2598
20 21.4303 21.3703 21.3228 21.3479 21.3275 21.3084
25 11.4478 9.61335 9.20322 8.76777 10.2716 11.1522
30 4.39797 4.29225 4.19401 4.12363 4.45903 5.04929
35 2.48011 2.96009 2.86903 2.88957 2.86958 3.36152
40 1.92748 2.29332 2.17556 2.27779 2.11124 2.56933
45 1.14278 1.89853 1.81326 1.91628 1.67087 2.08698
50 0.970114 1.62598 1.52559 1.67196 1.36383 1.81041
55 0.600719 1.42861 1.32488 1.46636 1.15427 1.55436
60 0.519677 1.26742 1.18826 1.34612 0.98541 1.37547
65 0.270412 1.14794 1.05594 1.21771 0.865629 1.23252
70 0.159758 1.0638 0.964444 1.12818 0.750758 1.12692
75 0.214882 0.990591 0.884839 1.05915 0.663794 1.05492
80 0.137821 0.911816 0.826707 0.996069 0.598183 0.979475
85 0.0507086 0.864444 0.774496 0.952376 0.540285 0.907792
90 0.0723918 0.8154 0.720326 0.89488 0.486053 0.83852
95 -0.109932 0.76453 0.678699 0.857219 0.422733 0.801969
100 -0.09933 0.738681 0.637467 0.835769 0.39569 0.739586
105 -0.267152 0.686421 0.589455 0.783027 0.381278 0.706112
110 -0.267152 0.675752 0.59128 0.762963 0.346718 0.677856
115 -0.359887 0.665948 0.55669 0.759678 0.319614 0.676916
120 -0.235976 0.62537 0.534565 0.72427 0.279693 0.618632
125 -0.204667 0.595358 0.538496 0.71063 0.262002 0.605901
130 -0.390538 0.595309 0.5264 0.698084 0.26679 0.596541
135 -0.287862 0.555242 0.480048 0.663804 0.219873 0.573156
140 -0.318817 0.547484 0.475006 0.6583 0.220724 0.569015
145 -0.431205 0.551863 0.474236 0.638778 0.199431 0.531241
150 -0.370118 0.530315 0.455012 0.639864 0.181069 0.517953
155 -0.461556 0.538158 0.454951 0.634179 0.163966 0.513379
160 -0.339381 0.524918 0.424473 0.616254 0.157886 0.492022
165 -0.42106 0.496244 0.41405 0.591696 0.182389 0.508584
170 -0.491779 0.512391 0.41524 0.590017 0.152882 0.473065
175 -0.400726 0.467724 0.38784 0.563787 0.124309 0.446522
180 -0.571759 0.470649 0.361516 0.575391 0.113977 0.451428
185 -0.491779 0.440861 0.373778 0.564813 0.105536 0.449121
190 -0.501825 0.436106 0.362998 0.552097 0.0743247 0.419558
195 -0.53188 0.431327 0.350643 0.555331 0.0811796 0.429544
200 -0.581694 0.424434 0.352131 0.546789 0.0700339 0.410404
205 -0.501825 0.416388 0.373596 0.523615 0.0844361 0.409467
210 -0.601522 0.416381 0.340739 0.523266 0.0612469 0.396198
215 -0.511858 0.398811 0.330082 0.51783 0.0676472 0.389779
220 -0.591615 0.410989 0.346855 0.533963 0.0516489 0.406119
225 -0.56181 0.400906 0.331813 0.522161 0.0453647 0.401582
230 -0.56181 0.421862 0.334004 0.509201 0.0428553 0.374053
235 -0.571759 0.376007 0.332596 0.519975 0.0306043 0.367036
240 -0.551847 0.413785 0.335834 0.498047 0.0363478 0.353799
245 -0.581694 0.382491 0.303933 0.498788 0.0263673 0.34118
250 -0.481719 0.371595 0.28574 0.504976 0.0238715 0.345541
255 -0.611416 0.390639 0.295567 0.470798 0.0182453 0.353771
260 -0.621296 0.364443 0.285949 0.46684 0.0276688 0.323922
265 -0.541871 0.377751 0.317032 0.484492 0.018289 0.370646
270 -0.451453 0.350404 0.289036 0.479587 0.00928467 0.341243
275 -0.53188 0.382443 0.279667 0.459141 -0.00790858 0.340499
280 -0.581694 0.353817 0.271832 0.453431 0.00026794 0.316773
285 -0.491779 0.371821 0.296001 0.476247 -0.00117133 0.335672
290 -0.650854 0.352695 0.277569 0.487137 0.00951556 0.319612
295 -0.68029 0.363011 0.282363 0.45712 0.0203389 0.338541
300 -0.56181 0.370689 0.290711 0.4807 -0.025261 0.33723
305 -0.68029 0.327001 0.278054 0.476548 0.0234274 0.314563
310 -0.699846 0.346474 0.26432 0.470895 -0.000324006 0.333309
315 -0.641015 0.334643 0.26216 0.463734 -0.0241872 0.309743
320 -0.591615 0.342287 0.2382 0.463853 -0.0331884 0.307117
325 -0.719349 0.345818 0.245786 0.447524 -0.0273524 0.302525
330 -0.66068 0.323623 0.273189 0.443943 -0.0173861 0.300809
335 -0.541871 0.350069 0.266003 0.444807 -0.0348805 0.308932
340 -0.670491 0.311345 0.249337 0.42539 -0.0328908 0.317828
345 -0.481719 0.314125 0.266301 0.457494 -0.0386289 0.292669
350 -0.68029 0.317137 0.250637 0.434233 -0.0473749 0.305177
355 -0.601522 0.340429 0.256682 0.435068 -0.0463789 0.293052
360 -0.541871 0.318498 0.262741 0.436663 -0.0590919 0.298989
 -0.748502 0.334882 0.254139 0.444897 -0.0489705 0.312125
 -0.461556 0.290515 0.23507 0.42566 -0.0468553 0.277489
 -0.621296 0.308661 0.252154 0.43434 -0.0588758 0.290447
 -0.581694 0.300704 0.25826 0.4369 -0.0516353 0.280352
 -0.748502 0.31269 0.233921 0.429202 -0.0632026 0.289932
 -0.551847 0.3196 0.223263 0.428441 -0.0336533 0.270683
 -0.690075 0.305435 0.24462 0.427422 -0.0525748 0.300879
 -0.690075 0.295604 0.264387 0.424861 -0.0663055 0.297623
 -0.591615 0.292195 0.247665 0.4253 -0.0619561 0.291025
 -0.758193 0.302312 0.243588 0.429297 -0.0471398 0.288783
 -0.511858 0.310264 0.248973 0.441465 -0.074897 0.270683
 -0.68029 0.306182 0.227327 0.43203 -0.0454509 0.27981
 -0.699846 0.291456 0.259212 0.413122 -0.0622647 0.294417
 -0.690075 0.287806 0.238348 0.416419 -0.0495642 0.282202
 -0.777535 0.271049 0.218225 0.420214 -0.0749709 0.261937
 -0.738797 0.290169 0.212689 0.412796 -0.071712 0.272086
 -0.650854 0.300548 0.238423 0.444502 -0.0525315 0.276648
 -0.699846 0.278577 0.232039 0.410713 -0.0445475 0.30166
 -0.611416 0.285463 0.227076 0.409966 -0.0749463 0.281416
 -0.650854 0.284367 0.228757 0.427529 -0.0700665 0.263636
 -0.80645 0.29166 0.211972 0.407429 -0.0768368 0.262499
 -0.53188 0.271947 0.208885 0.428272 -0.0770585 0.275426
 -0.709604 0.289092 0.22236 0.425165 -0.0615302 0.262859
 -0.690075 0.290034 0.23728 0.40375 -0.0630298 0.254283
 -0.431205 0.276603 0.209616 0.39712 -0.0922361 0.266631
 -0.709604 0.291043 0.221287 0.406851 -0.0832187 0.262214
 -0.641015 0.292053 0.219475 0.417751 -0.0854881 0.269975
 -0.601522 0.285166 0.220259 0.407328 -0.0945759 0.262575
 -0.690075 0.280978 0.213494 0.406279 -0.0898093 0.257842
 -0.631162 0.285883 0.236546 0.392529 -0.0800563 0.241358
 -0.56181 0.269415 0.211891 0.419787 -0.104889 0.246431
 -0.709604 0.274312 0.222427 0.383571 -0.0761226 0.252989
 -0.796825 0.283792 0.196728 0.400818 -0.0795147 0.224553
 -0.719349 0.266809 0.193162 0.382604 -0.0615426 0.242526
 -0.699846 0.266202 0.21671 0.404137 -0.0981608 0.231825
 -0.719349 0.262984 0.196758 0.399977 -0.106042 0.238078
 -0.777535 0.257024 0.198372 0.383817 -0.0985474 0.240191
 -0.690075 0.259019 0.199994 0.385504 -0.104258 0.240122
 -0.758193 0.285538 0.204973 0.393145 -0.105803 0.245325
 -0.72908 0.252302 0.216066 0.36486 -0.106446 0.214997
 -0.699846 0.291924 0.196972 0.392719 -0.102369 0.240453
 -0.758193 0.236814 0.180183 0.370555 -0.0819084 0.236393
 -0.709604 0.247275 0.166855 0.382258 -0.119634 0.226206
 -0.699846 0.252525 0.183293 0.372914 -0.107433 0.223306
 -0.709604 0.261372 0.199013 0.371458 -0.0905774 0.216339
 -0.719349 0.239172 0.188627 0.382721 -0.11376 0.226944
 -0.601522 0.254154 0.17789 0.390722 -0.109712 0.217109
 -0.816062 0.240422 0.161188 0.371782 -0.109289 0.221673
 -0.650854 0.262761 0.182065 0.380007 -0.117555 0.21768
 -0.777535 0.249468 0.184845 0.376585 -0.152468 0.232908
 -0.796825 0.256479 0.181374 0.384135 -0.144254 0.221026
 -0.767871 0.237412 0.179374 0.397714 -0.113962 0.215355
 -0.80645 0.252518 0.1843 0.366286 -0.120711 0.229756
 -0.551847 0.242257 0.181094 0.376629 -0.131397 0.242415
 -0.777535 0.248566 0.199176 0.379851 -0.121634 0.221873
 -0.68029 0.252161 0.200488 0.386321 -0.130879 0.231715
 -0.670491 0.275799 0.180153 0.377623 -0.112058 0.229922
 -0.748502 0.243353 0.183653 0.370789 -0.121634 0.231446
 -0.621296 0.257469 0.176766 0.382532 -0.118044 0.230122
 -0.796825 0.261891 0.184072 0.401894 -0.108665 0.233074
 -0.72908 0.254249 0.179308 0.365439 -0.110833 0.21594
 -0.82566 0.250471 0.206877 0.353999 -0.117885 0.214275
 -0.796825 0.237654 0.205977 0.381722 -0.108481 0.240474
 -0.631162 0.245108 0.189392 0.38646 -0.11868 0.23277
 -0.738797 0.24342 0.181903 0.373248 -0.141506 0.223423
 -0.611416 0.239629 0.203903 0.403391 -0.113821 0.233108
 -0.521876 0.22851 0.184933 0.413661 -0.101535 0.238057
 -0.521876 0.230879 0.167215 0.356679 -0.129645 0.238568
 -0.796825 0.253589 0.176229 0.362895 -0.115156 0.217096
 -0.719349 0.248344 0.199035 0.388177 -0.131263 0.21627
 -0.621296 0.224238 0.197871 0.366659 -0.126878 0.226413
 -0.719349 0.240832 0.167061 0.358987 -0.148639 0.179725
 -0.72908 0.245485 0.175788 0.385454 -0.119304 0.231984
 -0.699846 0.23398 0.169049 0.364487 -0.137628 0.221536
 -0.777535 0.237506 0.17584 0.372903 -0.112591 0.208658
 -0.777535 0.238111 0.183271 0.358209 -0.126004 0.211449
 -0.591615 0.239065 0.169416 0.372769 -0.134889 0.215719
 -0.66068 0.237875 0.182866 0.376981 -0.136847 0.230411
 -0.82566 0.240678 0.191977 0.384443 -0.129108 0.227771
 -0.699846 0.228021 0.19566 0.365701 -0.110251 0.207888
 -0.650854 0.232785 0.201196 0.359076 -0.130561 0.231708
 -0.72908 0.250276 0.179536 0.378706 -0.138793 0.239127
 -0.641015 0.227363 0.188899 0.362282 -0.0990261 0.225104
 -0.719349 0.248721 0.167347 0.370544 -0.121029 0.234419
 -0.767871 0.26878 0.184889 0.383303 -0.106428 0.22997
 -0.56181 0.235645 0.183028 0.35376 -0.127825 0.220338
 -0.758193 0.23668 0.179756 0.361458 -0.101351 0.215527
 -0.631162 0.234155 0.1944 0.360267 -0.138018 0.219202
 -0.66068 0.233087 0.194717 0.366459 -0.135548 0.221419
 -0.738797 0.235565 0.163856 0.354933 -0.13645 0.230094
 -0.631162 0.235598 0.157715 0.372401 -0.129847 0.238685
 -0.719349 0.26206 0.18912 0.373103 -0.130091 0.217763
 -0.844818 0.231188 0.17595 0.367183 -0.126744 0.23435
 -0.709604 0.255535 0.185735 0.377271 -0.133284 0.213704
 -0.690075 0.230174 0.177618 0.373042 -0.146325 0.223926
 -0.835246 0.219213 0.197664 0.368654 -0.116808 0.226496
 -0.777535 0.255077 0.174085 0.370399 -0.140091 0.216077
 -0.72908 0.230745 0.168124 0.382822 -0.134919 0.220145
 -0.670491 0.237949 0.167824 0.344645 -0.141225 0.204886
 -0.571759 0.236169 0.174753 0.370555 -0.13119 0.213601
 -0.767871 0.246111 0.183513 0.371107 -0.119194 0.230632
 -0.748502 0.247227 0.169489 0.377489 -0.128051 0.231667
 -0.72908 0.247423 0.176957 0.389279 -0.109731 0.217364
 -0.699846 0.238856 0.174613 0.370862 -0.139957 0.189316
 -0.641015 0.234484 0.17004 0.366554 -0.123994 0.219057
 -0.541871 0.231013 0.170106 0.355811 -0.141938 0.227047
 -0.777535 0.232523 0.1762 0.374989 -0.131941 0.232191
 -0.66068 0.236418 0.170876 0.369814 -0.132576 0.217935
 -0.621296 0.240106 0.179124 0.362455 -0.148359 0.228315
 -0.787187 0.226304 0.17092 0.366815 -0.134565 0.227598
 -0.777535 0.21946 0.169614 0.365958 -0.134126 0.232832
 -0.82566 0.230698 0.187184 0.362421 -0.123059 0.214591
 -0.748502 0.234369 0.181866 0.369189 -0.135865 0.208383
 -0.82566 0.210109 0.155921 0.354677 -0.146563 0.219622
 -0.816062 0.222315 0.171772 0.364866 -0.138866 0.218217
 -0.591615 0.238574 0.144427 0.350192 -0.125351 0.204976
 -0.481719 0.206719 0.186875 0.369741 -0.147489 0.208211
 -0.621296 0.241652 0.157239 0.369908 -0.139945 0.203396
 -0.719349 0.255522 0.173292 0.363719 -0.145125 0.235413
 -0.80645 0.255327 0.157825 0.360768 -0.136328 0.229094
 -0.72908 0.220519 0.1672 0.345633 -0.14401 0.2225
 -0.787187 0.205863 0.165183 0.357969 -0.135279 0.22866
 -0.816062 0.233362 0.153849 0.385102 -0.155972 0.198544
 -0.551847 0.210678 0.173115 0.354205 -0.148652 0.205312
 -0.80645 0.217505 0.159055 0.370154 -0.141012 0.194202
 -0.591615 0.206685 0.173688 0.350109 -0.127263 0.192214
 -0.738797 0.23396 0.197104 0.348337 -0.132429 0.202572
 -0.670491 0.240436 0.16025 0.381911 -0.116331 0.199868
 -0.767871 0.226968 0.161437 0.37673 -0.144827 0.215114
