0 21.5806 21.1274 21.5806 21.2579 21.1359 21.2912
5 20.8413 20.9614 20.8413 21.2579 21.0835 21.1159
10 21.5121 21.3512 21.5121 21.4593 20.8755 21.1742
15 11.516 10.1462 11.516 11.1166 10.543 9.6801
20 6.17915 5.04073 6.17915 6.45807 5.71902 4.71137
25 4.58348 3.34468 4.58348 4.76437 3.96781 3.06623
30 3.73087 2.66153 3.73087 3.9684 3.07883 2.38873
35 3.38323 2.12276 3.38323 3.29866 2.69632 1.89767
40 2.93419 1.7938 2.93419 3.07131 2.36191 1.51009
45 2.85346 1.62892 2.85346 2.74849 1.95156 1.41633
50 2.39947 1.2574 2.39947 2.58043 1.90645 1.14221
55 2.24831 1.09344 2.24831 2.42474 1.75526 1.02371
60 2.0998 1.00277 2.0998 2.39244 1.65055 0.897556
65 1.96835 0.923091 1.96835 2.28861 1.39578 0.792577
70 1.92499 0.893432 1.92499 2.11672 1.28839 0.65196
75 1.81045 0.805167 1.81045 2.03253 1.22317 0.670543
80 1.71152 0.679524 1.71152 1.98709 1.25569 0.65196
85 1.75377 0.814922 1.75377 1.88978 1.07087 0.51419
90 1.69748 0.641297 1.69748 1.85276 1.21506 0.450848
95 1.61376 0.546605 1.61376 1.90465 1.0788 0.450848
100 1.65551 0.481055 1.65551 1.79401 1.02353 0.423883
105 1.62765 0.360889 1.62765 1.69973 0.906681 0.325933
110 1.48977 0.342581 1.48977 1.72858 0.868209 0.317099
115 1.54464 0.315207 1.54464 1.68536 0.922136 0.397026
120 1.48977 0.297017 1.48977 1.58571 0.829971 0.194652
125 1.4217 0.215735 1.4217 1.57865 0.845238 0.325933
130 1.43527 0.278873 1.43527 1.64244 0.731636 0.229405
135 1.20766 0.351729 1.20766 1.65671 0.8376 0.168706
140 1.2341 0.197799 1.2341 1.59984 0.731636 0.185992
145 1.36765 0.251744 1.36765 1.48077 0.761728 0.2207
150 1.16816 0.12651 1.16816 1.50161 0.724136 0.16008
155 1.3006 0.179908 1.3006 1.58571 0.80714 0.117121
160 1.2341 0.206761 1.2341 1.54351 0.64963 0.12569
165 1.11579 0.144264 1.11579 1.41869 0.620077 0.299467
170 0.999226 0.0121989 0.999226 1.43931 0.746664 0.0489682
175 1.14193 0.108801 1.14193 1.4462 0.481618 0.100016
180 1.05082 0.233716 1.05082 1.34371 0.64963 -0.0435902
185 1.02498 0.0911372 1.02498 1.30994 0.642228 -0.0352302
190 0.98638 0.0384121 0.98638 1.37767 0.627452 -0.0602777
195 0.973555 0.0735177 0.973555 1.39131 0.627452 0.0151575
200 1.07675 -0.0139153 1.07675 1.30994 0.620077 -0.0602777
205 0.960751 0.11765 0.960751 1.32342 0.671887 -0.134841
210 1.03789 -0.0139153 1.03789 1.30321 0.64963 -0.143072
215 1.07675 -0.108831 1.07675 1.32342 0.517751 -0.0935236
220 0.947967 -0.151545 0.947967 1.263 0.65704 -0.00168199
225 0.999226 -0.0916706 0.999226 1.23635 0.510507 -0.0100854
230 0.947967 0.197799 0.947967 1.28978 0.532265 -0.134841
235 0.846447 -0.057221 0.846447 1.35048 0.474417 0.00673231
240 0.897042 0.0209256 0.897042 1.31668 0.488827 -0.134841
245 0.922463 -0.143023 0.922463 1.31668 0.532265 -0.208547
250 1.11579 -0.0744674 1.11579 1.17682 0.546813 -0.126599
255 0.884363 -0.134491 0.884363 1.25632 0.474417 -0.134841
260 0.821273 -0.100256 0.821273 1.37086 0.417114 -0.167704
265 0.808716 -0.0916706 0.808716 1.22306 0.488827 -0.175893
270 0.659603 -0.0830744 0.659603 1.2297 0.367416 -0.184072
275 0.83385 -0.244586 0.83385 1.15712 0.438539 -0.159504
280 0.884363 -0.0658496 0.884363 1.2297 0.325142 -0.241034
285 0.796179 -0.00522154 0.796179 1.2032 0.5541 -0.151293
290 0.796179 -0.151545 0.796179 1.2297 0.318125 -0.273356
295 0.771167 -0.0225982 0.771167 1.2297 0.332167 -0.134841
300 0.771167 -0.219337 0.771167 1.22306 0.311117 -0.0184779
305 0.884363 -0.202452 0.884363 1.19 0.311117 -0.216684
310 0.771167 -0.352926 0.771167 1.16368 0.325142 -0.24913
315 0.659603 -0.328078 0.659603 1.14402 0.332167 -0.224811
320 0.659603 -0.286461 0.659603 1.2032 0.304116 -0.265291
325 0.708988 -0.344653 0.708988 1.18341 0.381574 -0.321532
330 0.537513 -0.369441 0.537513 1.18341 0.381574 -0.329526
335 0.696612 -0.328078 0.696612 1.08545 0.424248 -0.216684
340 0.647306 -0.394137 0.647306 1.12443 0.409989 -0.192241
345 0.659603 -0.160056 0.659603 1.13748 0.304116 -0.241034
350 0.684256 -0.286461 0.684256 1.05961 0.241478 -0.175893
355 0.573936 -0.294805 0.573936 1.04673 0.234559 -0.265291
360 0.635028 -0.185525 0.635028 1.13095 0.332167 -0.313528
