 2.11789066e+01 2.13142208e+01 2.13349968e+01 2.11688535e+01 2.10148057e+01 2.15288295e+01
 2.09407920e+01 2.10880326e+01 2.13349968e+01 2.13245219e+01 2.12234755e+01 2.11800862e+01
 2.13597613e+01 2.11442950e+01 2.19047989e+01 2.14816406e+01 2.13287932e+01 2.11800862e+01
 2.14814292e+01 2.11442950e+01 2.15229030e+01 2.14291053e+01 2.13817004e+01 2.16465442e+01
 2.13597613e+01 2.10880326e+01 2.14600451e+01 2.13245219e+01 2.13817004e+01 2.19441058e+01
 2.14204846e+01 2.12007465e+01 2.13974101e+01 2.12724723e+01 2.14347742e+01 2.12956075e+01
 2.12992580e+01 2.13142208e+01 2.14600451e+01 2.15872021e+01 2.11710635e+01 2.16465442e+01
 1.34144936e+01 1.19986631e+01 1.32670756e+01 1.22541275e+01 1.22605442e+01 1.11822495e+01
 6.95284984e+00 5.77113844e+00 6.93789066e+00 6.68833561e+00 6.53152326e+00 4.61972655e+00
 5.24099147e+00 3.97797917e+00 5.18429658e+00 4.56535708e+00 4.57058765e+00 2.51142906e+00
 4.23266376e+00 3.11028700e+00 4.41387566e+00 3.51330494e+00 3.48688676e+00 1.25039469e+00
 3.58349151e+00 2.46169366e+00 3.44339765e+00 2.75061871e+00 2.74263186e+00 6.71464111e-01
 3.41297899e+00 2.17859821e+00 3.58005167e+00 2.29139920e+00 2.29084962e+00 1.30585310e-01
 3.04569974e+00 2.08309260e+00 3.14725548e+00 1.97194215e+00 2.06530995e+00 -8.01002026e-02
 2.93524083e+00 1.82422831e+00 2.72156656e+00 1.67515625e+00 1.89359964e+00 -4.35683109e-01
 2.53215859e+00 1.63357895e+00 2.63897231e+00 1.42534264e+00 1.59824799e+00 -4.65413945e-01
 2.47470497e+00 1.42870234e+00 2.58436492e+00 1.35558744e+00 1.50845156e+00 -5.83194531e-01
 2.47470497e+00 1.31428524e+00 2.29036777e+00 1.28653242e+00 1.30625260e+00 -6.31737030e-01
 2.28270705e+00 1.22970334e+00 2.08306731e+00 1.20118231e+00 1.23730155e+00 -7.85011044e-01
 2.19410203e+00 1.14615502e+00 2.14727496e+00 9.92391531e-01 1.13517349e+00 -9.07281904e-01
 2.05243408e+00 1.07274232e+00 2.31665985e+00 9.43231837e-01 9.43667578e-01 -9.99988591e-01
 2.00940961e+00 1.05451290e+00 1.80656460e+00 8.78244098e-01 9.35464816e-01 -1.29788947e+00
 2.06323140e+00 1.01820118e+00 1.81892476e+00 7.58082434e-01 8.86460515e-01 -1.35076836e+00
 2.00940961e+00 8.74887035e-01 1.61141844e+00 7.26405641e-01 7.97553997e-01 -1.36830899e+00
 1.92414412e+00 9.73085319e-01 1.26982911e+00 7.97894012e-01 9.10917291e-01 -1.35954401e+00
 1.85038144e+00 8.21927758e-01 1.76960074e+00 6.87023425e-01 7.97553997e-01 -1.37706333e+00
 1.78777380e+00 7.69387961e-01 1.72058597e+00 5.77999583e-01 6.46775231e-01 -1.16398175e+00
 1.82944932e+00 7.17262679e-01 1.49190083e+00 5.08866670e-01 6.94013752e-01 -1.50711425e+00
 1.71544124e+00 6.65547025e-01 1.38590228e+00 5.31829015e-01 6.07670968e-01 -1.46402556e+00
 1.77739403e+00 7.17262679e-01 2.10868849e+00 4.85985705e-01 5.30165754e-01 -1.65169617e+00
 1.82944932e+00 6.22760086e-01 1.08774260e+00 4.10298031e-01 5.37874431e-01 -1.66851355e+00
 1.61341216e+00 5.88731099e-01 1.22389302e+00 3.80271263e-01 4.76462739e-01 -1.68529096e+00
 1.61341216e+00 6.91353951e-01 1.38590228e+00 3.28061652e-01 4.15634878e-01 -1.50711425e+00
 1.54288785e+00 5.88731099e-01 1.42107218e+00 4.32910837e-01 5.30165754e-01 -1.79337963e+00
 1.54288785e+00 5.29604906e-01 1.68402609e+00 2.83648791e-01 6.38935465e-01 -1.68529096e+00
 1.42366941e+00 5.54878885e-01 1.26982911e+00 5.31829015e-01 3.85437288e-01 -1.78512398e+00
 1.56296319e+00 4.71012756e-01 1.21245253e+00 2.68913281e-01 3.92973252e-01 -1.81808827e+00
 1.59318773e+00 4.62685623e-01 1.20102938e+00 2.61558355e-01 3.03127515e-01 -1.89982389e+00
 1.42366941e+00 3.55401903e-01 1.11026347e+00 2.46874084e-01 3.47891082e-01 -1.76858343e+00
 1.43352428e+00 4.04694995e-01 8.01016782e-01 2.46874084e-01 3.40408454e-01 -1.71038245e+00
 1.53287239e+00 3.88221834e-01 1.31604572e+00 2.03024867e-01 3.32934660e-01 -1.90794487e+00
 1.37461056e+00 4.21210505e-01 1.31604572e+00 1.95746200e-01 4.30787565e-01 -1.91605636e+00
 1.30652585e+00 3.55401903e-01 9.09985048e-01 1.45029927e-01 2.66065488e-01 -1.89169339e+00
 1.36484167e+00 2.90263109e-01 8.33538131e-01 9.47203138e-02 1.41666366e-01 -2.02064942e+00
 1.49295782e+00 3.06485573e-01 1.15550932e+00 8.04201474e-02 1.63440155e-01 -1.86724469e+00
 1.38439371e+00 3.14612314e-01 1.22389302e+00 1.09053279e-01 2.36572192e-01 -1.88355338e+00
 1.47308846e+00 3.63591137e-01 1.07650755e+00 9.47203138e-02 1.34425306e-01 -1.97257239e+00
 1.31620988e+00 3.22749421e-01 7.47133136e-01 1.16232096e-01 2.43932550e-01 -1.82630510e+00
 1.29685584e+00 2.66006663e-01 9.87231260e-01 8.04201474e-02 1.34425306e-01 -2.03660082e+00
 1.28719984e+00 2.17769935e-01 7.68639015e-01 3.06262348e-02 1.63440155e-01 -2.02862974e+00
 1.28719984e+00 3.39054811e-01 8.44410654e-01 7.32823285e-02 1.63440155e-01 -1.98060854e+00
 1.26792974e+00 1.30280267e-01 9.20970993e-01 -1.87720395e-02 2.68104681e-02 -1.93225093e+00
 1.25831557e+00 1.61954452e-01 1.02058457e+00 1.64722777e-02 9.11550435e-02 -2.01265983e+00
 1.28719984e+00 2.33808112e-01 9.87231260e-01 1.01882689e-01 4.10515397e-02 -2.20188541e+00
 1.17240922e+00 1.93788607e-01 7.79415709e-01 8.04201474e-02 6.24748501e-02 -2.13939056e+00
 1.32590799e+00 3.80001082e-01 1.11026347e+00 -4.69834284e-03 1.27192656e-01 -2.06045872e+00
 1.30652585e+00 1.38183882e-01 8.66204020e-01 -4.68238018e-02 1.34425306e-01 -2.11580649e+00
 1.13458391e+00 1.38183882e-01 9.87231260e-01 -1.02547821e-01 -1.57165437e-02 -1.99665281e+00
 1.13458391e+00 1.22386575e-01 8.11841231e-01 -1.02547821e-01 9.83458625e-02 -2.02862974e+00
 1.11575237e+00 2.25783948e-01 7.57878169e-01 -4.69834284e-03 -1.57165437e-02 -2.04456266e+00
 1.12516140e+00 9.87648501e-02 7.25690370e-01 -1.09478006e-01 6.96324649e-02 -2.17851703e+00
 1.15346945e+00 6.74070102e-02 5.45936285e-01 -6.08020838e-02 -5.09325771e-02 -2.06839297e+00
 1.10635678e+00 9.87648501e-02 6.61737986e-01 -1.44012127e-01 -2.98271883e-02 -2.22517368e+00
 1.14401991e+00 3.62055685e-02 6.08870993e-01 -9.56098193e-02 -5.09325771e-02 -2.05251529e+00
 1.21999743e+00 1.29064210e-02 5.77335083e-01 -9.56098193e-02 -7.19656046e-02 -2.26381052e+00
 1.21999743e+00 9.87648501e-02 1.04290346e+00 -1.16400386e-01 1.26021722e-02 -2.21741980e+00
 1.09697459e+00 2.84295082e-02 5.77335083e-01 -4.68238018e-02 -3.68703811e-02 -2.05251529e+00
 1.11575237e+00 7.52317620e-02 8.01016782e-01 -4.69834284e-03 1.97022302e-02 -2.22517368e+00
 1.08760580e+00 9.09106635e-02 6.19413588e-01 -1.50895682e-01 -1.20763346e-01 -2.21741980e+00
 1.31620988e+00 1.38183882e-01 7.14992568e-01 -1.57771513e-01 -6.49626126e-02 -2.28688713e+00
 1.05957942e+00 6.74070102e-02 8.66204020e-01 -1.71500048e-01 -8.59476057e-02 -2.22517368e+00
 1.00388421e+00 5.15935784e-03 5.98343733e-01 -2.39683577e-01 -4.39055061e-02 -2.31753371e+00
 1.00388421e+00 -1.80241253e-02 7.14992568e-01 -2.53229169e-01 -1.06860855e-01 -2.41618116e+00
 1.06890824e+00 1.77851458e-01 3.90968026e-01 -2.86961528e-01 -7.89605977e-02 -2.24838223e+00
 1.16293254e+00 2.84295082e-02 6.40544916e-01 -1.44012127e-01 -1.48473590e-01 -2.24065488e+00
 9.21223878e-01 2.84295082e-02 4.93907231e-01 -1.57771513e-01 -1.82934873e-01 -2.24838223e+00
 1.09697459e+00 -1.03058974e-02 5.35500334e-01 -2.12501584e-01 -1.27702729e-01 -2.25610077e+00
 9.30356579e-01 -6.41330195e-02 7.14992568e-01 -1.98864981e-01 -1.55381493e-01 -2.26381052e+00
 1.01313383e+00 4.39913306e-02 8.44410654e-01 -2.93685537e-01 -1.96664809e-01 -2.39354483e+00
 9.12104031e-01 -5.64719811e-02 6.08870993e-01 -1.37120832e-01 -2.30854132e-01 -2.40864423e+00
 1.19140345e+00 -1.80241253e-02 5.77335083e-01 -2.59990658e-01 -1.48473590e-01 -2.04456266e+00
 9.67016468e-01 6.74070102e-02 6.08870993e-01 -2.66744626e-01 -1.55381493e-01 -2.24065488e+00
 9.94647690e-01 -2.57327773e-02 4.31966099e-01 -3.00402087e-01 -1.27702729e-01 -2.27920368e+00
 8.75752641e-01 -1.80241253e-02 4.93907231e-01 -2.32899449e-01 -1.76058236e-01 -2.10003844e+00
 9.48660652e-01 -3.34318711e-02 7.25690370e-01 -2.12501584e-01 -1.96664809e-01 -2.41618116e+00
 9.48660652e-01 -1.03058974e-02 2.99576489e-01 -2.32899449e-01 -1.96664809e-01 -2.44624417e+00
 8.66696658e-01 -1.03058974e-02 5.87831774e-01 -2.53229169e-01 -2.10363718e-01 -2.34042749e+00
 9.57832078e-01 -6.41330195e-02 8.01016782e-01 -2.53229169e-01 -2.37668870e-01 -2.40109879e+00
 9.30356579e-01 -1.17496115e-01 3.50204396e-01 -3.33873389e-01 -2.10363718e-01 -2.41618116e+00
 9.85424246e-01 -1.47783277e-01 3.90968026e-01 -3.33873389e-01 -6.49626126e-02 -2.28688713e+00
 9.39502162e-01 -1.85433576e-01 7.14992568e-01 -3.20507108e-01 -2.03518135e-01 -2.47617230e+00
 1.05026388e+00 -7.94267046e-02 6.40544916e-01 -3.20507108e-01 -2.85157757e-01 -2.27920368e+00
 9.94647690e-01 -1.09900998e-01 5.66853626e-01 -3.33873389e-01 -2.03518135e-01 -2.30988512e+00
 9.02997011e-01 -1.40225448e-01 4.01195487e-01 -3.53867456e-01 -2.30854132e-01 -2.21741980e+00
 8.84821343e-01 -7.17845882e-02 3.90968026e-01 -2.32899449e-01 -2.71627638e-01 -2.37083173e+00
 1.05026388e+00 -8.70593864e-02 9.54027065e-01 -3.07111190e-01 -4.39055061e-02 -2.12367690e+00
 9.12104031e-01 -1.17496115e-01 5.87831774e-01 -2.59990658e-01 -2.58067063e-01 -2.41618116e+00
 8.84821343e-01 -1.17496115e-01 4.31966099e-01 -3.53867456e-01 -2.98657522e-01 -2.39354483e+00
 8.66696658e-01 -1.77921973e-01 3.80755219e-01 -3.27193947e-01 -2.91911427e-01 -2.42370961e+00
 8.93902790e-01 -1.03058974e-02 5.56387372e-01 -2.66744626e-01 -1.96664809e-01 -2.30222783e+00
 8.48622742e-01 -1.32658323e-01 9.54027065e-01 -2.26107749e-01 -2.64851164e-01 -2.51339414e+00
 9.21223878e-01 6.74070102e-02 3.40049884e-01 -2.66744626e-01 -2.24031703e-01 -2.44624417e+00
 9.12104031e-01 -1.92935986e-01 9.31973287e-01 -2.86961528e-01 -2.37668870e-01 -2.30988512e+00
 9.21223878e-01 -1.47783277e-01 7.04310440e-01 -3.73795390e-01 -1.89803726e-01 -2.30988512e+00
 8.84821343e-01 -1.32658323e-01 7.57878169e-01 -3.40545447e-01 -2.44475929e-01 -2.37841132e+00
 8.03658675e-01 -2.00429219e-01 5.45936285e-01 -2.73491085e-01 -2.78396498e-01 -2.40109879e+00
 9.02997011e-01 -1.47783277e-01 6.29971551e-01 -4.33185663e-01 -2.91911427e-01 -2.48363336e+00
 8.75752641e-01 -1.25081884e-01 5.45936285e-01 -3.93657520e-01 -3.38975715e-01 -2.52081355e+00
 8.57653367e-01 -1.85433576e-01 2.89494149e-01 -3.47210131e-01 -3.38975715e-01 -2.43874110e+00
 8.48622742e-01 -5.64719811e-02 3.40049884e-01 -3.60517433e-01 -3.32274807e-01 -2.49853041e+00
 8.30599383e-01 -1.40225448e-01 1.39963100e-01 -4.26615718e-01 -1.48473590e-01 -2.27920368e+00
 6.97014488e-01 -1.92935986e-01 4.11437631e-01 -3.60517433e-01 -2.17201569e-01 -2.42370961e+00
 1.07825036e+00 -1.25081884e-01 3.50204396e-01 -2.66744626e-01 -3.05396054e-01 -2.54302207e+00
 1.02239658e+00 -9.46826509e-02 5.98343733e-01 -3.87044102e-01 -3.32274807e-01 -2.43874110e+00
 8.75752641e-01 -2.45196831e-01 6.51133716e-01 -4.39748404e-01 -3.65704600e-01 -2.43122959e+00
 8.57653367e-01 -7.94267046e-02 4.11437631e-01 -4.20038558e-01 -3.18850480e-01 -2.30222783e+00
 8.39604757e-01 -1.62871115e-01 3.90968026e-01 -4.33185663e-01 -3.52355082e-01 -2.50596644e+00
 8.93902790e-01 -2.15388219e-01 4.11437631e-01 -4.46303953e-01 -3.85673132e-01 -2.35564681e+00
 8.93902790e-01 -1.77921973e-01 4.01195487e-01 -4.39748404e-01 -3.98948466e-01 -2.47617230e+00
 7.76830533e-01 -1.70401158e-01 1.99394818e-01 -3.67160073e-01 -3.25566400e-01 -2.55040840e+00
 8.21606596e-01 -1.47783277e-01 3.80755219e-01 -4.65927565e-01 -3.79024371e-01 -2.43874110e+00
 6.88207369e-01 -1.62871115e-01 2.09349175e-01 -4.26615718e-01 -3.05396054e-01 -2.30988512e+00
 9.21223878e-01 -1.85433576e-01 2.79426150e-01 -3.27193947e-01 -3.38975715e-01 -2.35564681e+00
 8.12626369e-01 -2.22854021e-01 1.00620193e-01 -2.93685537e-01 -2.78396498e-01 -2.22517368e+00
 8.12626369e-01 -2.07913291e-01 5.14673708e-01 -3.93657520e-01 -4.05575064e-01 -2.42370961e+00
 8.03658675e-01 -1.55331827e-01 1.69616046e-01 -4.85486873e-01 -3.85673132e-01 -2.43122959e+00
 7.85760783e-01 -2.07913291e-01 5.45936285e-01 -2.46460146e-01 -3.45669136e-01 -2.46870286e+00
 6.97014488e-01 -2.37758310e-01 3.60373435e-01 -3.87044102e-01 -3.45669136e-01 -2.51339414e+00
 7.41233562e-01 -1.25081884e-01 3.29909869e-01 -4.20038558e-01 -3.65704600e-01 -2.50596644e+00
 7.67912711e-01 -2.07913291e-01 4.20185206e-02 -4.46303953e-01 -3.38975715e-01 -2.52081355e+00
 8.84821343e-01 -2.45196831e-01 1.99394818e-01 -4.46303953e-01 -2.37668870e-01 -2.34804146e+00
 6.88207369e-01 -1.70401158e-01 2.49307901e-01 -4.26615718e-01 -2.91911427e-01 -2.60920372e+00
 8.12626369e-01 -2.89638267e-01 2.79426150e-01 -3.53867456e-01 -4.05575064e-01 -2.49853041e+00
 8.48622742e-01 -2.37758310e-01 8.10315088e-02 -3.53867456e-01 -4.58323812e-01 -2.53562750e+00
 7.50114252e-01 -2.37758310e-01 4.21694492e-01 -4.20038558e-01 -3.85673132e-01 -2.27151148e+00
 6.88207369e-01 -2.52626291e-01 4.83546467e-01 -3.93657520e-01 -2.03518135e-01 -2.51339414e+00
 7.76830533e-01 -2.52626291e-01 2.99576489e-01 -4.52852322e-01 -3.32274807e-01 -2.54302207e+00
 9.12104031e-01 -1.92935986e-01 3.50204396e-01 -4.06862542e-01 -3.79024371e-01 -2.43122959e+00
 7.41233562e-01 -2.37758310e-01 4.01195487e-01 -4.33185663e-01 -4.38597857e-01 -2.52081355e+00
